Input Sample	B cells naive	B cells memory	Plasma cells	T cells CD8	T cells CD4 naive	T cells CD4 memory resting	T cells CD4 memory activated	T cells follicular helper	T cells regulatory (Tregs)	T cells gamma delta	NK cells resting	NK cells activated	Monocytes	Macrophages M0	Macrophages M1	Macrophages M2	Dendritic cells resting	Dendritic cells activated	Mast cells resting	Mast cells activated	Eosinophils	Neutrophils	P-value	Correlation	RMSE
GSM1607684	0	0	0	0.100294604194682	0	0.0374606397952059	0.116659039724472	0.111505584990751	0	0.099160874089413	0	0.178373518117658	0.0375058437560654	0.00541405187734956	0.122056276487305	0.0399062913735686	0.0323334043296635	0	0	0.119329871263867	0	0	0.002	0.344831667565899	0.957818628775081
GSM1607685	0	0.0486162191502321	0.02119656280645	0.101351912755303	0.0718841608097149	0	0	0.0512974169005203	0.091211208154221	0.111260493862511	0	0.187424068937983	0.00534328062512632	0.00830734747019904	0.0548749297719766	0.0106849379782169	0.00713134309769144	0.00194987535034196	0	0.227466242329512	0	0	0.175	0.0917143645189168	1.09879369149788
GSM1607686	0	0	0	0.0337645183881678	0.0268994575310833	0	0	0.0521083137481828	0.123462841314111	0.000808731735515711	0	0.133423809550861	0	0.231148956869062	0.0199102502156783	0.0598972229193809	0	0.0262249705769363	0	0.292350927151021	0	0	0.214	0.0773317923161652	1.09671021572488
GSM1607687	0.0155923021541845	0	0	0	0	0.06829971556084	0.111828567736303	0.129239372175321	0	0.13321780197575	0	0.114665827354676	0	0.127058803106258	0.0864211929329669	0	0.00126588505035325	0.0301644194424267	0	0.18224611251092	0	0	0.21	0.0780103794293936	1.08042059815184
GSM1607688	0.0901611566386131	0	0.026034905813035	0.0541940745823164	0.120958217489264	0.0310029409278301	0.00575502945922716	0.108039042388785	0.176454779353722	0.0230401331231038	0	0.100291141824104	0.0218146120132448	0.038421847982416	0.0530863714900203	0.00985618178460864	0.0604472023303241	0.0189848757216834	0	0.0614574870777025	0	0	0.181	0.0892596946047921	1.06534541496453
GSM1607689	0	0.000569424203890787	0.0635508775426992	0.0570191765766134	0	0.0820487128459165	0	0.104902434508279	0.0454977181961505	0.039426396445027	0	0.133936006279679	0.0155313503134921	0.0555731990074261	0.0489112277064616	0.00936280492950665	0.0121743527457659	0.0101540683619191	0	0.320634868072402	0	0.00070738226477083	0.383	0.0404008050396973	1.10439939311016
GSM1607690	0	0.016777045589664	0.0221476199425258	0.0138053372182029	0	0.105369376519095	0.0142929277084759	0.125231501488991	0.0105640964475454	0.109107483819673	0	0.190849050933557	0	0.0730746922520039	0.105777073454113	0.0532731260543727	0.00154096753261877	0	0	0.156192378475622	0	0.0019973225635394	0.043	0.170924505935706	1.04642836315973
GSM1607691	0.009236839434237	0	0.2359214907127	0	0	0.101861725374269	0	0.0948459434252734	0	0.0529764217261731	0	0.0680980326431796	0.0632294780476056	0	0.0161441736868147	0	0.0999320043313588	0.0175595908573298	0	0.237119224721579	0.00307507503948064	0	0.8	-0.0114543294349218	1.07466330249728
GSM1607692	0.00658444696738453	0	0.13127586542065	0	0.0358379960941213	0.0399789797308944	0.039894581129395	0.0347482882116961	0	0.0636396661761612	0	0.0232139662020053	0	0.0450573931102519	0	0	0.01663356989972	0.0535740562068666	0	0.503934739032638	0	0.00562645181821583	0.483	0.0251135467999525	1.15334175622387
GSM1607693	0.0135888392412903	0	0	0.0654979694110178	0	0.0833594691599301	0.0114274341203358	0.0819517782244395	0.00330161627562764	0.105395209822434	0	0.17709652003669	0	0.176312746312069	0.0497834811699821	0.0505426061895889	0.0253217028569031	0	0	0.156420627179691	0	0	0.18	0.0899458928756903	1.08500217119084
GSM1607694	0	0	0.207474322031054	0.0319229510088533	0	0.0264401581853351	0	0.0529860520569822	0.0325541539737731	0.0414844688164582	0	0.113644787730957	0.0515509593122046	0.0491512638406656	0.0290610718613111	0.0470956935612793	0.00736852368353063	0.00276118081691735	0	0.306504413120679	0	0	0.353	0.0448904454290833	1.07810933178868
GSM1607695	0.00128518367179872	0	0.0326703390110803	0.0545532370207188	0.0754186292868787	0.0553894140667106	0	0.0524367970146686	0.0684929200326542	0.116532668786865	0	0.14723049775559	0.023170074476155	0.0078172803230957	0.0227710649277952	0.0483581993805076	0.0436979837260898	0.0301681366958974	0	0.220007573823495	0	0	0.398	0.0384964314409691	1.1007133099
GSM1607696	0	0	0.0612615900332398	0.000147643485513895	0.018039966000089	0.0920178470217663	0	0.0540446054879319	0.018460495042097	0.0119062997767374	0	0.103038899013231	0.0131973092609318	0.1338818005611	0.0600334535426623	0.0263122340382999	0	0.0133536264732498	0	0.39430423026315	0	0	0.273	0.0608436820528645	1.11073803073512
GSM1607697	0.0479390785716158	0.00883181500885823	0.0102316845193092	0.162879652329018	0.0885208547669591	0	0.154356431338261	0.0731847663078299	0.0341681946333977	0.0635475752093919	0	0.139962983708467	0	0.00380313086298308	0.0652995982448151	0.0943722701868009	0.0128209913436812	0.00404780092675189	0	0.03603317204186	0	0	0.00800000000000001	0.260113049535246	0.99748077796554
GSM1607698	0.0433111426048999	0	0.0177788825219214	0.0472968583853648	0	0.0770782190417305	0.213846386424463	0.0750151609138112	0	0.0160297062420022	0	0.112669019407295	0.0031557305324859	0.0505305111140511	0.129180482003933	0.076346336731924	0.0267543424179325	0	0	0.111007221658185	0	0	0.077	0.134543221372831	1.03947020771991
GSM1607699	0.00387694793051579	0	0.1351907472054	0.0149168530870734	0	0	0.0787444011607194	0.0820138020677517	0.0854583701481888	0.131240069239595	0	0.139665891380549	0	0.106546009017438	0.0400285102491363	0.0259409144292255	0.0106211700118559	0.0334614845966697	0	0.112294829475882	0	0	0.273	0.0606989534589272	1.0707876982066
GSM1607700	0.0480925809788106	0	0.00142088374835495	0	0.00899001585241253	0.00567487502416395	0	0.00906911930858056	0.0638832836601917	0.0476611860312901	0	0.0448158340836645	0.0890762413180211	0.103196366510826	0.0110241980756661	0	0	0.0325182839164952	0	0.484274034785438	0.00953194972585822	0.0407711469802265	0.249	0.0669046978915793	1.13802817074989
GSM1607701	0	0	0.398851177325412	0.0252277208685124	0	0.110909462383241	0	0.0480431875167009	0	0.0705834685090213	0	0.122366242462952	0.0796231373070178	0	0.0149013558832709	0.0598341273748373	0.00976863148336296	0	0.0512228663137641	0.0086686225719075	0	0	0.361	0.0439048011933366	1.05025322410635
GSM1607702	0	0	0	0.160208095045488	0	0	0.0518190775151509	0.101582406766036	0.0133251050285501	0.0868839564391559	0	0.180682474409967	0.000488725990121769	0.0722949066900903	0.0463348076112426	0.0045197983748766	0.00451056176918056	0	0	0.272067841889952	0	0.00528224247018813	0.032	0.192727331867816	1.05162489805546
GSM1607703	0.040824929782985	0	0.12039972421275	0.00276621734392879	0	0.083887591720206	0	0.0747407159451307	0.0149993159894854	0.0119777295863394	0	0.0851873246730302	0.0252107371058296	0.0544768181132592	0.0167438873815062	0	0.0647618920584165	0.0592022925756307	0	0.344820823511503	0	0	0.477	0.0260473694514066	1.09356931721433
GSM1607704	0	0	0.0894639711305877	0.019161785360925	0.0174760651561032	0	0	0.0800886740797779	0.108249179761742	0.0681190734437209	0	0.122665616433945	0.0226497633826185	0.0175932915029636	0.0304398966096023	0	0.0119701927374767	0.0405157238213479	0	0.371606766579189	0	0	0.289	0.0564100770391554	1.10377489668831
GSM1607705	0.0152760032848692	0	0.19254662760846	0.00343336018204375	0	0.114469119884434	0	0.0771456789941009	0	0	0	0.0730371476490148	0.0419168998277118	0.0644531573768141	0.0476478171461779	0.00430872738449642	0.0022553783851524	0.0164991669781706	0	0.337019961208726	0	0.00999095408982821	0.319	0.0511902882439855	1.07896814701817
GSM1607706	0.00454586184537853	0.000878554580416437	0.0295022086847023	0.0465513975241006	0	0.0835212277066502	0.0296822144879509	0.123218025212448	0.00645744651564161	0.0426326114639617	0	0.169676332265312	0	0.0946195109016594	0.104715649406295	0.0875324214924832	0.0235151928778851	0	0	0.152951345035116	0	0	0.021	0.21116062430396	1.01371285680748
GSM1607707	0.0260418683073326	0	0	0.134722496069645	0	0.0686860362622453	0.129554725516902	0.0829494216595989	0.0266591504424014	0.0331044410530748	0	0.183235259224045	0.0059261774584923	0.0401580971610741	0.0420618606642468	0.0573765998998264	0.0255004789191261	0.0321706096101452	0	0.110659421552665	0	0.00119335619917847	0.242	0.0690216059127731	1.08860265774118
GSM1607708	0.0366414741429558	0	0	0.0678399627884231	0	0.0713228526706686	0.0381482946543799	0.119889951008873	0	0.197119962970253	0	0.143186451461462	0	0.0628701794532443	0.0828833145798339	0	0.00735188043617473	0.0251339957879847	0	0.147611680045746	0	0	0.099	0.117044095044957	1.0838026796639
GSM1607709	0.00449271313142334	0	0	0	0.0638011589124585	0.0570243113266923	0	0.0282149124297002	0.041318168314008	0	0	0.0420558725866437	0.0903634773705104	0.112157718842887	0	0.0423993779139459	0	0.0725958140326277	0	0.386207583611637	0	0.0593688915274658	0.05	0.160639320291795	1.05826603191936
GSM1607710	0.0132082434035239	0	0.0912473035165026	0.0212113467265333	0	0.0564891028011182	0.0795266515526577	0.0835506256740389	0	0.0647781812969663	0	0.143522338434104	0.00566162424753009	0.0471655722498171	0.123605912368727	0.0387074602257312	0.0255060361928657	0.0110255598322836	0	0.194794041477601	0	0	0.092	0.122993993553988	1.05047617293489
GSM1607711	0	0.063584180556505	0	0.0322906295574455	0.00931463553563655	0	0	0.099327705851453	0.104747507402349	0.0797511351151104	0	0.100393593297249	0	0.129186293051802	0.110679790493746	0	0.0105705072345943	0	0	0.26015402190411	0	0	0.09	0.12659539094516	1.06053934430902
GSM1607712	0	0	0.133002588505586	0	0.183281334953186	0.114715161231177	0.0577655178604143	0	0	0.0695729995806697	0	0	0.109879972191264	0	0	0	0.102738880980336	0	0	0.199705174075869	0.0293383706214971	0	0.873	-0.0219516653084158	1.08284852189834
GSM1607713	0	0	0.0177039332517204	0.257789287714605	0	0	0.109105302008437	0.109128167569739	0.0216841693470892	0.0371239182203868	0	0.0901484037002305	0.00721406872191477	0.0321504092569286	0.131860218458718	0.0550430983270672	0.053154674242634	0	0	0.0778943491805299	0	0	0.026	0.199297885552206	1.02526272706705
GSM1607714	0.00504421875643551	0	0.0651082824507532	0	0.0911598138394079	0.0690993863800427	0	0	0.0149924583874026	0	0	0.0697155207870283	0.0189780883475272	0.115895262246245	0	0	0.00359581203650765	0.02710505848551	0	0.505622773437243	0	0.0136833248458974	0.498	0.0232471899404397	1.16775525715091
GSM1607715	0.00390060618736056	0	0.037675451179339	0.165860680495242	0	0	0.0316220230307661	0.0691447289383484	0.0602260926325162	0.0132868259345649	0	0.189995494059761	0.0213709989693537	0.0579629852926467	0.0593352877484382	0.0420638591859666	0.027700176668961	0.0349043548199499	0	0.184950434856786	0	0	0.274	0.0599471277898565	1.08952889818256
GSM1607716	0.0163275596075906	0.0115161415420973	0.0453777953292991	0.14579560977793	0.0408339227173806	0	0	0.0898350831859136	0.0903056471470375	0.0805161806446487	0	0.159416828085584	0.0117241648904288	0.0412627922223524	0.052159453353175	0.0822729768817397	0.00254393819045567	0	0.0591295447222235	0.0709823617021441	0	0	0.223	0.073767548791644	1.08384675633984
GSM1607717	0	0	0.16904570907882	0.267036167554379	0	0	0.110452276355488	0.117573922105238	0	0	0	0.0950484612181664	0.0249959871850523	0.0222510132475957	0.0269711170739358	0.0187125615011462	0.00559909289982138	0.00534646530454777	0	0.136967226475809	0	0	0.082	0.130083917038665	1.04096496029754
GSM1607718	0.0182084923133447	0	0.0352374338544807	0	0	0.037228859777734	0	0.0320536361627076	0.0200447989998172	0.0595599883276349	0	0.103411485948483	0.0229163715277539	0.0746647161015102	0	0	0	0.0961652673726784	0	0.500508949613855	0	0	0.623	0.00788408928689396	1.17775397980654
GSM1607719	0	0.00326568888815355	0	0.125884151917926	0	0	0	0.152243139953422	0	0.0747210412050497	0	0.211183337858725	0	0.042757735978026	0.0631687454933353	0.0127561331553818	0.0267361676289777	0	0	0.287283857921003	0	0	0.181	0.0893802126930308	1.10985643892788
GSM1607720	0.0252034969519934	0.00283155516850484	0.096734608895711	0.0929136376007643	0.0764786906183699	0.0335560435015342	0.0147575314324107	0.102585206560305	0.0625490960972298	0.0833427473681015	0	0.149958171547507	0.0429263284079587	0.00340517170628706	0.0444472707111928	0.0297025078208598	0.000313008663001848	0	0	0.138294926948268	0	0	0.0580000000000001	0.150239080527843	1.04390985047257
GSM1607721	0.00877476464988821	0	0.0262738512089554	0.130298470771984	0	0.0609221918824585	0.158884626580649	0.135337991173166	0	0.0913489870202246	0	0.139705208225143	0.00267921813636386	0	0.0728077016078864	0.0132176688585854	0.016598198771769	0.0283550059278839	0	0.114796115185042	0	0	0.091	0.124924466026507	1.0694721029745
GSM1607722	0	0	0.141135621772537	0.0319707172177096	0	0.0564643861108718	0	0.0899822342854668	0	0.0271844320606678	0	0.0954975595727456	0.0110425291338413	0.0828373111568858	0.0599971396255233	0.0368336835548765	0	0	0	0.367054385508874	0	0	0.21	0.0780214210491608	1.08499335323807
GSM1607723	0.00105612393369609	0	0.047961718378129	0.0500587400265306	0	0.0541280860964188	0.0248192319078325	0.0530616842704475	0.0978158813378512	0	0	0.151510649147026	0	0.103146168247773	0.0895860896086726	0.0342361635252576	0.0926962289726395	0.0598863408015169	0	0.129333481522664	0	0.0107034122235449	0.531	0.0193548065561807	1.08737162285696
GSM1607724	0	0	0	0.0449441806422247	0	0.0120880700876434	0	0.137878913185874	0.0126327644868294	0.0160278448302816	0	0.117796258005583	0.0441388975612141	0.075802742413342	0.019150301415505	0.155250893967522	0	0.0430859047955552	0	0.288936583800591	0	0.0322666448078357	0.143	0.102464828218408	1.06594210865748
GSM1607725	0	0.00518962578058706	0	0.0348418309140057	0	0.00305016889088905	0.0532572579814399	0.044568067283081	0	0.0183377503091505	0	0.104682807166657	0.0191618271745692	0.0726299750246749	0.00384980091743013	0.0325729836005774	0.0147399192527359	0.0242969672128722	0	0.567521782884061	0	0.00129923560726894	0.232	0.0724447886848304	1.17362780918666
GSM1607726	0.0448158820173821	0.012278762651596	0.0695086269244745	0.0635558015214074	0.225535534977564	0	0.0641820417495147	0.0974642203906761	0.0952723825575548	0.0683394281125251	0	0.107967381101267	0.00303228284406125	0.00969610044470773	0.012924683429772	0.0586973237755271	0	0.0106487766230808	0	0.0560807708788892	0	0	0.00900000000000001	0.249660016795856	0.999418929019661
GSM1607727	0.0142234311585081	0.00895254861308584	0.0465810230150934	0.0464792774734856	0.134119230008308	0	0.0490688246358218	0.0859518154109659	0.0824576117368593	0.0581744950710586	0	0.103197164181472	0.0436144836854949	0.0086695999436303	0.0131065776665141	0.0268823070125464	0	0.0225432225872635	0	0.248341134206086	0	0.00763725359380694	0.11	0.113116103990578	1.05671079139458
GSM1607728	0	0	0	0	0	0.180195275404689	0	0.0365653034797071	0.0934542534960364	0.113714036479095	0	0.0116736315334398	0	0.272925860147933	0.0211565359335139	0.068656305986954	0.0444320667747164	0	0	0.157226730763915	0	0	0.545	0.0177128816109696	1.10629182117917
GSM1607729	0.00987368919968299	0	0.0409784717969339	0	0	0.115509582588154	0	0.0418888697680069	0	0.117259294860536	0	0.115164734523596	0.0569940798117669	0.161425697628911	0.124602757316087	0	0	0.075188943511129	0	0.141113878995196	0	0	0.0669999999999999	0.14054200540615	1.0513716937089
GSM1607730	0	0	0.0537048939519215	0	0.00772298943739664	0.102385708566767	0.118584914254962	0.081279822511891	0	0.0460020140722901	0	0.0907949990175104	0.0176606231620727	0.0397504004330052	0.0469675045570066	0.0411674238523418	0.0335441856315828	0.0273156544004181	0	0.293118866150834	0	0	0.243	0.068550267053537	1.07272051436863
GSM1607731	0.0308848406499747	0	0.152758174229295	0.0481582403803502	0	0.000551608966451358	0.107186675307499	0.106655847978619	0	0.0355657838196592	0	0.113383557075021	0	0.0255245711637995	0.156833967924806	0	0.10408574792993	0.00881128489804674	0	0.104719575901651	0	0.0048801237748969	0.551	0.0170019600489345	1.08358527834545
GSM1607732	0.0170766222863608	0	0.033456388987849	0	0	0.119195072742844	0.00173312173237819	0.00175806876811057	0	0.0320834952433812	0	0.0298401157411529	0.0409825495252203	0.184982177149359	0.0185743981501685	0	0.00378603765597752	0.0437610145898898	0	0.472770937427308	0	0	0.419	0.0355639792404282	1.15762264716485
GSM1607733	0	0.0163495587737665	0.117949150517648	0.12668205479387	0.0310984785159488	0	0.0555207421242732	0.0933983761719155	0	0.0338320002544411	0	0.170833673994696	0.0422545204159066	0	0.0539955170285821	0.0509708239054863	0.035263777081894	0.0200783790677309	0	0.151772947353841	0	0	0.119	0.10892663210173	1.05039944370343
GSM1607734	0.0835121298979216	0	0.0487196551350565	0.0358601658322313	0	0.0187752464936106	0	0.110281665348869	0.0173295259792768	0.0311949155004248	0	0.0824638288523035	0.0533820427692946	0.11802218984071	0.0072663407247844	0.0703892997521211	0	0.0153428391206149	0	0.259057160451271	0	0.0484029943015102	0.077	0.134009604868673	1.04007674995161
GSM1607735	0	0	0.0847755554662936	0.0352923857686314	0.0137178640576283	0.137657600031561	0	0	0	0.0286132660496324	0	0.0512464134816853	0.0782641944791835	0.165527392328444	0	0	0.0200713479372955	0.121222919454914	0	0.263611060944731	0	0	0.58	0.0139435088165927	1.09578412076212
GSM1607736	0.0190555511032628	0	0.025784411979117	0.0477919677445501	0.0323991652044306	0.00814788876509497	0.0405810022412965	0.103162341372281	0.023166749618708	0.109781242177089	0	0.257175258431022	0.00266482578620411	0	0.113312834428543	0	0.0756739166460493	0	0	0.141302844502351	0	0	0.123	0.107854834293051	1.09920970467973
GSM1607737	0	0	0	0.00124043419585744	0	0.019672059645828	0	0.124320968563749	0.00436386874897016	0.0895668293639215	0	0.082045042877135	0	0.179161890707006	0.0574860322157798	0	0	0.0109353450981171	0	0.431207528583636	0	0	0.291	0.0560946322406426	1.13909859168667
GSM1607738	0.00758642735614469	0.0116795133635181	0.0155216166897424	0.181530142978557	0	0.0103208591104147	0.0426318347077336	0.172861972158639	0	0.0366858984076276	0	0.150482267393704	0.00302332594337771	0.0349642966426533	0.151731804006433	0.033768452643452	0.00112140328614341	0.0121766132110631	0	0.133913572100796	0	0	0.00700000000000001	0.272895811756883	0.998100199537168
GSM1607739	0.0197543866870293	0.0170281816822021	0.0622741487299203	0.0216211802876687	0.0787184626053869	0.0293599819244109	0.0307134740433916	0.121978485105948	0.0583519563059801	0.101383878375012	0	0.124370262324305	0	0.0793336330302764	0.0583936347050407	0.0309285612362986	0.0134053363957093	0	0	0.15238443656142	0	0	0.049	0.164255793194488	1.02999884463172
GSM1607740	0	0	0	0.0735720366646268	0	0.0552944118953715	0.0418306121786336	0.0795756017909198	0	0.049127926782844	0	0.173808688512863	0.0396671052455642	0.0577116771905438	0.0739306160234973	0.0313316604768241	0.00336184083131097	0.0252536525498986	0	0.247735551806209	0	0.0477986180508936	0.078	0.131655182314952	1.06140314349943
GSM1607741	0	0	0	0.0211427121658757	0.0266007398164868	0.0294226317968598	0	0.041832016052346	0.0323494827021334	0	0	0.0286407174727087	0.0489648455531474	0.183797298417045	0.0558844027167975	0	0	0.0364515083220135	0	0.494913644984587	0	0	0.306	0.0530359681633611	1.16116919738088
GSM1607742	0	0	0	0	0.0431426039129093	0.0988898513893727	0	0	0	0	0	0.105291050934576	0.0236887675887822	0.13880457822908	0	0	0	0.107852796777142	0	0.385740557759194	0.000145075488299533	0.0964447179206441	0.29	0.0562471880218923	1.12264917420883
GSM1607743	0	0	0.0756593869077255	0.0429449649778371	0	0.0757605137201031	0.0248313955308151	0.0915288168318472	0	0	0	0.123074155314665	0.0171529876006118	0.0583775024011751	0.0287236866408746	0	0	0.0469285893301999	0	0.411468931776542	0.00354906896760374	0	0.148	0.1001285812307	1.09180416734307
GSM1607744	0	0	0.0933993665255513	0.108726454686066	0	0.0202287141916149	0.00886471704254044	0.0580129007926247	0.0940256719987676	0.0543128784818468	0	0.11807050595168	0.0622473255241185	0.140298273806149	0.0272268323531029	0.0539401967400289	0	0.0320893801123609	0	0.128556781793548	0	0	0.274	0.0599489976283295	1.06591975501366
GSM1607745	0	0	0	0.0632008375974499	0	0.0774604879223775	0.0133938241233767	0.138473755906369	0	0.106496090987483	0	0.16393353117433	0	0.0619307083725274	0.0737562229305289	0	0.065407089744152	0.000595123551207522	0	0.195146004179613	0	0.040206323510584	0.179	0.0908360610217726	1.08240919875197
GSM1607746	0.0181219384032918	0	0.121729444331734	0.00167280206370801	0	0	0.109748159452938	0.150256851686927	0.0320521469747664	0.0814887802394077	0	0.0486172884483171	0	0.00738103676556158	0.0695654037797572	0	0.0325715222686473	0.0109315923941074	0	0.315863033190836	0	0	0.602	0.0112368262007185	1.09866868307972
GSM1607747	0.0169753483729315	0	0.0253330797523639	0.0464037181049081	0	0.136024826144192	0	0.106854952943215	0	0.0521254722128042	0	0.0952508232894712	0.0413541250378467	0	0.113832338006068	0.0237164949448923	0.0324319616052143	0.0228294502666807	0	0.286867409319412	0	0	0.297	0.0548242485973066	1.09198852003093
GSM1607748	0.0271421759069995	0.0146637622332713	0.141270935377543	0.0846227382214301	0.0839051560192201	0	0.0425300703255299	0.106782952148604	0.0318534899070443	0.0324405713185811	0	0.103419492819314	0.0213874949789351	0.0200722208146571	0.0606421567273789	0.0279281678442914	0.00918855064921129	0.0202997576503733	0	0.171850307057616	0	0	0.077	0.133424056006474	1.03098036875976
GSM1607749	0.0225805449797742	0	0	0.0945221375269942	0	0.00187590585280667	0.135305458734598	0.0816609233997008	0	0.0871484708354322	0	0.136260903502182	0.0346963443180928	0.0229159206248637	0.0965322985833758	0.0311307776429119	0.00661532158102221	0.0121859974941871	0	0.236568994924058	0	0	0.011	0.244003951945363	1.00520187399573
GSM1607750	0.0263542000305289	0	0.0753267372275422	0	0	0.0991949246416627	0.235554291293589	0.105367101565598	0	0.0327972728959633	0	0.163407031915901	0.00403221283984833	0.0498515215432364	0.0784153645169913	0	0.0916041508716783	0.00521898847085847	0	0.032876202186602	0	0	0.332	0.0487954410690599	1.07765885754751
GSM1607751	0	0	0.0318463908614175	0.127338693747986	0	0	0.262174446801534	0.0843677840205644	0	0.127384463104807	0	0.044762787763108	0	0.0336775379410577	0.0806367194305027	0.046395746211585	0	0.0798143499217567	0	0.0816010801956807	0	0	0.049	0.162637815124887	1.03310762795776
GSM1607752	0.0110646047402741	0	0	0.166448953375526	0	0.041292310662212	0.0982042038210574	0.0926484028111651	0	0.0390947042117448	0	0.187328176144322	0.0248458798319857	0.0474644571079112	0.0894919911555083	0.0982200306427776	0.0246004404487639	0.00101494728855718	0	0.0782808977581954	0	0	0.0669999999999999	0.140675915184094	1.05754113026503
GSM1607753	0	0	0	0	0.00490164056990131	0.035404674364722	0.110577883497193	0.0453141783923004	0	0.023359508649917	0	0.0517013868557328	0.0607903617018612	0.145189447290692	0.0371907645778143	0	0	0.0786189921171822	0	0.399410440318761	0	0.00754072166392258	0.022	0.208396074862781	1.03776325864132
GSM1607754	0.0329109885541496	0	0.0307825294912684	0.110203099406927	0	0	0.0991851993984447	0.119254785797023	0.018481908762909	0.0731297307331521	0	0.0947074259687876	0.0423358615168518	0	0.0390933267182213	0.0031538048923354	0.0581220956766585	0.0171159020289299	0	0.254974757866002	0	0.00654858318833887	0.49	0.0240071207543947	1.09398603797368
GSM1607755	0.0206892288994693	0	0.139408397499153	0.0545031776026291	0	0.20385297931029	0.00540401226276739	0.030140805021661	0	0.00818284352378819	0.0201407071171863	0	0	0.310057142590915	0.0729028576669812	0.00386260021227909	0	0.0607644222898197	0	0.0330121116297417	0.0370787143733195	0	0.675	0.00171222451217004	1.10025080835964
GSM1607756	0	0	0.142173723320892	0.0431856314619591	0.0025014497082871	0.046304754305926	0.121130382078929	0.05150680072968	0	0.0438469146791126	0	0.0713847049626351	0.0523749301815393	0	0.077225140434162	0.0541799442688134	0.0158169033173464	0.0198886242477348	0	0.248568519173347	0	0.00991157712963623	0.108	0.114396913724471	1.03841480930846
GSM1607757	0	0	0.0305345897292037	0.0697190391031109	0	0.00979909529809456	0.0658802005372974	0.0878419157068133	0.00600375168424121	0.154091902228058	0	0.178512276058977	0	0.0805197583244989	0.0563482259323152	0	0.043513814608638	0.0274109494184795	0	0.183809951836584	0	0.00601452953368755	0.091	0.124913082217188	1.07201604303063
GSM1607758	0.0518576078893272	0.0422441455356193	0.0485544881673861	0.0403736401965433	0.254480884161982	0	0.0132185182702925	0.108126470145095	0.0967008812316936	0.0754180047379409	0	0.0975698984745067	0	0.0260131281050412	0.0116883371176888	0.0807154338797871	0.0164227673325108	0.00163123202817351	0	0.0349845627264121	0	0	0.026	0.195988986120912	1.02557923673871
GSM1607759	0.00390200631237874	0	0.0626488345241036	0.0329880987939398	0	0.0589877503981815	0	0.0572519188380496	0	0.0618310244787277	0	0.121322321971941	0	0.0804762309875061	0.0370315203256006	0.0348580254904342	0.00212656475063157	0.00904141782203085	0	0.422365426968893	0	0.0151688583375815	0.326	0.0501349866380251	1.1270254391706
GSM1607760	0.0798317993131451	0	0.00218373298683798	0.0582180504342382	0	0.0922758273534766	0	0.142587260136901	0.00299515304161866	0.0113718106570156	0	0.135913509328507	0.0211878715772615	0.0128601627147097	0.029596066022984	0.00944658455344566	0.0902524525641804	0.00360249342342764	0	0.307677225892251	0	0	0.751	-0.0058773346700215	1.11827982914998
GSM1607761	0.011659857331956	0	0	0	0	0.0634756158200322	0	0.0679850706985959	0.0154448354136592	0.0357215169691378	0	0.103093280996731	0	0.127855963193795	0.0262070248748846	0.108082769761952	0	0.0888929977041538	0	0.351581067235103	0	0	0.52	0.0208831043590844	1.12451738133402
GSM1607762	0.00623904473619327	0	0	0.084394339365144	0	0.057249452062379	0.0683105664023624	0.12174190711348	0.046845579078938	0.0467522581251692	0	0.18455544947571	0	0.036150199756203	0.111586534190349	0.0477955120787159	0.00811510939551731	0	0	0.180264048219839	0	0	0.036	0.187906185087985	1.03938113493508
GSM1607763	0	0	0.069930450980503	0.0540010412043074	0.0176783290810275	0.0483475730898517	0.0158137769603488	0.0617897936290628	0	0	0	0.125809606624242	0.00518709664213539	0.097274690775405	0.133975006923697	0.0103618581871971	0.0330192055445879	0.0672882349527668	0	0.259523335404868	0	0	0.18	0.0901027955309805	1.07785140759492
GSM1607764	0	0	0.0296941805948083	0.0521731727892607	0.0221028063704806	0.0165086177617256	0	0.036129488111647	0.0557110400898367	0	0	0.0628481781428546	0.084798742186307	0.146647344867217	0.0075384185212317	0	0.00320953227162857	0.023922171859669	0	0.458716306433334	0	0	0.18	0.0897872281774981	1.11654594924854
GSM1607765	0	0.00884013346938386	0.0097189191849685	0.284919660326224	0	0	0.160109618150401	0.123344153420179	0	0.056180901856659	0	0.16222317312895	0.00115475071305161	0.0565050813323916	0.0445914687816502	0.0531883029298645	0.00969580412872318	0.000907762482622008	0	0.0286202700949316	0	0	0.00800000000000001	0.263685935530897	1.011520043181
GSM1607766	0.0484201729918761	0	0.264584402694519	0	0.0275073073673537	0.00925246106908732	0	0.022615461075359	0.0290689346227923	0.098788774157655	0	0.0663114950540685	0.0355283377150251	0.0531113536237981	0.0364954174114669	0	0.0232979639868708	0.0441225409013589	0	0.24089537732877	0	0	0.501	0.0230899538252743	1.06664459995534
GSM1607767	0	0	0.0482350268922892	0.0542524990877572	0.00523092313926263	0.0693971978999062	0	0.0659574559961828	0.0221170244386965	0	0	0.13880987105433	0.0673009291198375	0.0611390118952651	0.0265769870193622	0	0.00741632902081893	0.020213499175159	0	0.380888978131934	0	0.0324642671291983	0.328	0.0490688781690397	1.11009944805912
GSM1607768	0	0.0124345068259244	0.0231663302678508	0.149307600782791	0	0	0.0866912895765098	0.0800598383423085	0.0768488154395069	0.0348128399237822	0	0.186416682086293	0.0476383860449933	0.011948306884058	0.0562445507623165	0.0492457924108497	0.00856234527281258	0.0267919693151309	0	0.149830746064873	0	0	0.307	0.0528481807086292	1.09561427342873
GSM1607769	0.0379377907428364	0	0	0.0442404911925788	0	0.00680470842094179	0.0325636202553799	0.133029838148222	0	0.0372427540549159	0	0.168377783447735	0.00472249423953135	0.123413868045245	0.0588178226205446	0	0.0409494426949124	0.0521573697096185	0	0.233066264995124	0	0.0266757514324155	0.608	0.00986862120765005	1.10937813392591
GSM1607770	0	0	0.00163972583692911	0.0541823984424835	0.0214422152980945	0	0	0.0417082096489409	0.0187297438652592	0.010201441200817	0	0.138326439381874	0.0816013861695769	0.0778744307867006	0.0398979437127256	0.000350402626195913	0	0.0368967694014503	0	0.457402613133907	0.000412925378401059	0.0193333551166441	0.097	0.120475972232536	1.10401254054381
GSM1607771	0.0175610878652425	0	0.0444621673554794	0.215140852852696	0	0	0.0678519239009751	0.110604746674986	0	0.0894993011482436	0	0.210628262793951	0	0.0450174025846566	0.13235395352983	0.0385487516073924	0.0131038677377823	0	0.015227681948765	0	0	0	0.004	0.316153265479722	0.989250005797962
GSM1607772	0	0.0045721010108885	0.0514490685869874	0.160682011972277	0.0937733524452055	0	0.125950786217611	0.0684537860842402	0.0689632844720725	0.0411106831872297	0	0.121588124331477	0.0106736851493812	0.0671581285379313	0.0546345444694031	0.0227111709362015	0	0.00883374694174092	0	0.0994455256573531	0	0	0.047	0.166888448719332	1.03585968759164
GSM1607773	0.0154871893576259	0	0.0173045811051052	0.0136511964021709	0.0671271064087508	0.0823022355318324	0.0724520785311702	0.0497800183924566	0	0.0191509434638271	0	0.0876672640078906	0.00470932049477697	0.123741498352858	0.0754738634691831	0	0.0224391529447061	0.00980107658892509	0	0.338912474948721	0	0	0.345	0.0472262678229269	1.10243656763194
GSM1607774	0.0415611462314341	0	0.0657367362238015	0	0	0.160860449187003	0	0.0871498543469116	0	0.0844956464671229	0	0.0552540414231167	0.0189580797146039	0	0.0534217161962778	0.0693137214209955	0.0971056322541829	0	0	0.26614297653455	0	0	0.304	0.0536579391473455	1.06880149371266
GSM1607775	0	0	0.0189471019324788	0	0	0.113245640819296	0	0.0759257228658226	0	0.0136905455888674	0	0.0564615558779015	0.037155420059046	0.0813858972887799	0.00989831094586472	0	0.0236912213503624	0.0389018733447739	0	0.510079564378223	0	0.0206171455485841	0.229	0.0730587280755292	1.1400504509795
GSM1607776	0.0441345322096918	0	0.0627445972845124	0	0.00916161604442045	0.0548982094175824	0.0439605407126909	0.0699515522111216	0.0393581420759808	0.0148845584452923	0	0.0622445604777698	0.0705832625990916	0.146782954548439	0.0938766918093158	0.00407362270692063	0.0312310444566852	0.0303712222060761	0	0.22174289279441	0	0	0.865	-0.0206321815930212	1.09797093024502
GSM1607777	0	0	0.0206922926993224	0.0408349568963844	0.0218285067990472	0	0.132097164995867	0.0918862996528453	0	0.00486778721145334	0	0.0338962143795773	0.0114151914306964	0.113407818391528	0.0505353265851049	0.0309303280410252	0.0068330617075259	0.025929182341563	0	0.41484586886806	0	0	0.233	0.0722196578182349	1.1072822147028
GSM1607778	0.00807737498806128	0	0.0262574239973295	0	0.0227575172828478	0.193823047577488	0.0171143466539701	0.0312417884795318	0	0.0617780067870864	0	0.144843835219534	0.0047946690369137	0.0687069238918064	0.0661278904136471	0.143534300171981	0.0166124727948328	0.00544870390279581	0	0.174171007567736	0	0.014710691234437	0.311	0.0522214673147219	1.07909767108791
GSM1607779	0.0654905515821536	0	0.0621307467809029	0.00158061356020307	0	0.0601110361671083	0.00959604929091967	0.106086839599639	0.00595628912232573	0.0603772369737767	0	0.0923508683943523	0	0.0126090514424189	0.135209510081091	0.0357370389423743	0.0623317615247894	0.0178806202284682	0	0.268276700315437	0	0.00427508599404115	0.387	0.0399165822454952	1.08977948294898
GSM1607780	0	0	0.14483461150567	0.0120965285421497	0	0.191099782900524	0	0.024868230036601	0.0237829025617969	0.0821290299914438	0	0.15976672297554	0.00206840102292427	0.00490852345381025	0.0192656983552322	0.0502825585950531	0.0691950423281683	0.0142118399135775	0	0.201490127817509	0	0	0.602	0.0113478176301917	1.09438151932622
GSM1607781	0	0	0.0503354948143244	0.0757345059297903	0	0.00560948578951624	0	0.102481499719123	0.012238017923623	0.0506760567836457	0	0.100056605964658	0.0544877694882385	0.026083021133447	0	0	0	0.0666687782253232	0	0.432921830092741	0	0.0227069341355691	0.077	0.134284008357324	1.08114521838203
GSM1607782	0	0.0224527430642865	0	0	0	0.0993576820773846	0	0.0833997558893184	0	0.0880968949042132	0	0.0937521105465962	0.0480118810193643	0.0522869746566751	0.120070882053707	0.0199429169159788	0.0385309088458242	0.0138475944709429	0	0.320249655555708	0	0	0.103	0.115988393868571	1.07103664938623
GSM1607783	0.000963654665404394	0.017697924806931	0.0571510463435351	0.0914640708699752	0	0.0752619131101768	0.0099139927995559	0.122283165933401	0.0118435801958543	0.0721882520154861	0	0.168252286320948	0.0181167761692181	0.0694260756261419	0.0894826190312199	0.025654800121308	0	0.0171157196648015	0	0.153184122326043	0	0	0.016	0.222611936869324	1.01271645124564
GSM1607784	0.0296768234787764	0	0.0934518517727213	0.0221741288386493	0	0.168010839905338	0	0.0408444220710483	0.0540595694552756	0.0249369705596596	0	0.0910938312766627	0.088837784812491	0.0134676272590119	0	0	0	0.052028766252166	0	0.3214173843182	0	0	0.39	0.0395974647718705	1.08915339459162
GSM1607785	0.0406424891230836	0	0.00311740847099074	0.0855263920184085	0	0.0135861162949331	0.179697899655113	0.0610671313496232	0.012744104619674	0.0671584378630211	0	0.12505795647404	0	0.0198641449277784	0.0865308179361109	0	0.0385695015254685	0.107019792664784	0	0.159417807076971	0	0	0.248	0.0672574493283407	1.08305308852057
GSM1607786	0.0173876985863104	0	0.0403600229202725	0	0	0.10770021884965	0	0.130945254931376	0	0.0374932922219347	0	0.113074782677324	0	0.060991928801148	0.0505334236000552	0	0.0663575146624754	0.0105161018211289	0	0.342216043545136	0.0174795210409134	0.00494419634227575	0.355	0.0445683169899975	1.09922058893216
GSM1607787	0	0	0.00421684231369426	0	0.00764935663983351	0.0183058861530055	0.0425633097742637	0.0829098339247352	0.0399559822945819	0.0565328068700507	0	0.0933579883354056	0.035086494652222	0.0837575444678146	0.0227068914418194	0	0	0.138939116809302	0	0.367061940879998	0	0.00695600544327383	0.144	0.102080056859839	1.0854319945139
GSM1607788	0	0	0.0635086017314032	0.0210815012711703	0	0.0663913512446785	0.198417140212874	0.160828237472128	0	0.143839246174861	0	0.103165563175958	0	0.0125087516564361	0.122445832665741	0.0356823597385662	0.0257333670196934	0	0	0.0326675259895743	0	0.0137305216469154	0.0649999999999999	0.143231447658108	1.05125141291054
GSM1607789	0.00792943837130954	0	0.0833718388989817	0	0.0152651879043986	0.00489831475845021	0	0.117639008173539	0.0196604558598666	0.125821769479815	0	0.106760284280329	0.0163342405753432	0.0439105911301229	0.121051532397836	0.0592966354530216	0.0364547002921766	0.021522143623675	0	0.220083858801135	0	0	0.137	0.103780861420316	1.05936084747997
GSM1607790	0.00724948745399188	0	0.0731765960011487	0.000895357584955563	0.0400187827844638	0.10748540660498	0	0.029840682225608	0	0.0114368141353822	0	0.0792736579232707	0.00925701658687286	0.178991149015036	0.0499183237263105	0	0	0	0	0.41245672595798	0	0	0.121	0.108154884140659	1.09494465144135
GSM1607791	0.0463286069435721	0	0	0	0.0112833692620027	0	0.023114237063058	0.0773688593294377	0.0549381268379691	0.085652457229609	0	0.11450124362844	0.0740418143138916	0.0577169417954692	0.0305359910934298	0.0128072678481875	0	0.0329976805100318	0	0.378713404144901	0	0	0.0610000000000001	0.145907595946872	1.06394079947239
GSM1607792	0.0278196069942614	0	0	0.0413740775893716	0	0.0880069861729287	0.0319618858936863	0.0831525677560361	0	0.116973407050889	0	0.10098588188045	0.0536126799594162	0.0617176625143798	0.137391825947082	0	0.0865971254179548	0	0	0.170406292823544	0	0	0.602	0.0113368774226653	1.10423410794532
GSM1607793	0	0	0.0226133270746699	0.0511570668929264	0	0.070541696403971	0.12335063001667	0.126955237874651	0	0.125283895142499	0	0.099031537308128	0	0	0.0829564588225619	0.15046847905731	0.0690555166654811	0	0	0.0785861547411317	0	0	0.107	0.11475944282033	1.04998030353446
GSM1607794	0	0	0.132917310946754	0	0	0.105925530167138	0.0792422475185025	0.107718004073745	0.0532754740381073	0.0501707448843928	0	0.150221863402092	0	0.00964034927138892	0.0329953550587992	0.0516961135919549	0.0934585889386523	0	0	0.132738418108473	0	0	0.466	0.028659829272924	1.07442866620851
GSM1607795	0	0	0.108346112383439	0.10447381166223	0	0.041239077438437	0.0305424158417149	0.0695643423477789	0	0.0431288151528174	0	0.174564081485031	0.00386469983437593	0.051853900801609	0.0188573828280422	0.000351452978850649	0.037126260676134	0.000958685022091497	0	0.315128961547449	0	0	0.244	0.0677763230103608	1.09694380219479
GSM1607796	0	0	0.21817031271109	0.0673334172155065	0	0.0625719906921991	0.0203109805925967	0.139903900596523	0.00606983324724668	0.0698223446509424	0	0.0796560638985866	0.0303769360975577	0.0410947370704469	0.0320128368924306	0.0191354104102797	0.0076730779464598	0.00394951695544908	0	0.199060470990916	0.00285817003177043	0	0.467	0.02825345272489	1.06973676139855
GSM1607797	0	0	0.15268275312109	0	0	0.0714388855008502	0	0.0613210680030882	0	0.119031149142745	0	0.0479611621973119	0.0807867582089846	0.166710985317778	0.0364827976090472	0.00539158426897572	0.0546322142549428	0.0251458408725417	0	0.15801477021032	0.0204000312923257	0	0.518	0.0211049342949543	1.06860377944735
GSM1607798	0.0191726083613668	0	0	0.0215622787167338	0.0597643311417104	0.0764929975539062	0.10033223587089	0.0747501188188213	0	0.0946855310600968	0	0.157601562430719	0	0.0589523795542549	0.0568093755550451	0.0467838229499607	0.0285112305665058	0.00698856698832083	0	0.197592960431668	0	0	0.091	0.125143837847531	1.05871680025878
GSM1607799	0.0127295208011561	0	0.0676206247235579	0	0	0.0212601731767075	0	0.048987873988106	0.00502526650545453	0.0747465525107061	0	0.0685066660488285	0	0.134008037611892	0.0653463734993682	0	0.0302933566383399	0.0208052400467271	0	0.450670314449156	0	0	0.352	0.045214950196014	1.13896832701556
GSM1607800	0	0.0756435497176207	0.048966380704445	0.111091672090721	0	0.0877660502165983	0	0.066795871870207	0.061165577380225	0.118463735039533	0	0.152267862330794	0.0610102074194563	0	0.0172734665841634	0.0248194669402494	0.0875699687733975	0.00199966708460179	0	0.0830330428029085	0.002133481045079	0	0.113	0.111201466563829	1.06426114699099
GSM1607801	0	0	0.0683413207159121	0.0870035614292251	0	0	0.227424416443939	0.0957712297907117	0	0.0337620271065208	0	0.0919027793163344	0.00780997947579487	0.0308426975002733	0.110840156841963	0.0556191317698606	0.0195045487503164	0	0	0.171178150859148	0	0	0.113	0.111374768083511	1.04795857777469
GSM1607802	0	0	0.0208822106172807	0.0125208135166707	0.0526679994578069	0.0175166101075359	0.0741886088040645	0.0600135220286681	0	0.028957398706931	0	0.0579114135647547	0.00369646184898267	0.0997632029592642	0.050772586191744	0.0277413240740035	0	0.0754218921006412	0	0.415098268666187	0.00267170910580477	0.000175978249659863	0.088	0.127637907944311	1.08169326805862
GSM1607803	0.0195684224230448	0	0.0823908901019806	0	0	0.120690658844441	0	0.0713293392817735	0	0.0360531785430731	0	0.0620814501890849	0.0536625713782137	0.0853043264806724	0.00882197733535959	0.00484405310849143	0	0.076339319817916	0	0.378675178712634	0	0.000238633783314832	0.353	0.0448389336619947	1.10165054581537
GSM1607804	0.00185694949132177	0.00331221811417979	0	0.000450061078866922	0	0.0218859874972489	0	0.116651305097401	0.0594793188783771	0.00652558922691341	0	0.0830501284972417	0.0759596510014383	0	0.00920805571481742	0.0136640294926785	0.161605650948684	0.0398375355104886	0	0.312658559086629	0	0.093854960363713	0.12	0.108502150986615	1.06042194799659
GSM1607805	0.0120447467182218	0	0.0706547804979519	0	0	0.0326786905156591	0.211563195741657	0.155376090596695	0	0.0875724844566061	0	0.135461402154684	0	0.0758257742905788	0.0480273977176217	0.0279483614616512	0.0113706907056613	0.0113795689414162	0	0.120096816201596	0	0	0.155	0.0976359048117879	1.05748438835948
GSM1607806	0	0.00736612838544292	0.00676875863525754	0.105371676241694	0	0.000727369640569774	0.0197742822122464	0.163833199696732	0.0362430173401369	0.0558834709450674	0	0.162804544854228	0	0.066115467699004	0.0318628119406831	0.0816720677956252	0.00121305424004999	0.102915975961789	0	0.157448174411473	0	0	0.486	0.0244591817693458	1.10347681557986
GSM1607807	0	0.0160187873953356	0.157848760488629	0.0859948819039863	0	0	0	0.12404680161324	0.0850344349818637	0	0	0.12844033696434	0.0692302464024075	0.0246235914352797	0.0314230224807744	0.08383733529056	0	0.00601360071429947	0	0.187488200329285	0	0	0.326	0.0498013745998952	1.06065649081684
GSM1607808	0.0169882219882043	0	0.00205922466748289	0.0417262014167127	0	0.100218080967569	0	0.0813992658626981	0	0	0	0.172456453619626	0.0152628046899898	0.0168468957576085	0.0561375015011274	0.0897956349214242	0.0502473866343707	0.0498031521771838	0	0.302969351365386	0	0.00408982443061627	0.317	0.0515538025443446	1.09567310555457
GSM1607809	0.00268066195387347	0	0.0756830696589814	0	0	0.109342941843469	0.0337985439257183	0.0668090021922234	0	0.0345378924068118	0	0.0531117169866152	0.0194338874484654	0.0485285841977793	0.0427046684462749	0.052979059834352	0.0229447749425983	0.0249848603352881	0	0.408228089257937	0	0.00423224656961247	0.288	0.0573791626210643	1.10295620144085
GSM1607810	0.0165694076718729	0	0.0747712335880467	0.036766965606105	0	0	0.00765062150226813	0.138273245138964	0	0.139796337631806	0	0.0966768500388116	0.0505376630257398	0.0580853375401541	0.0794547017397389	0.0722613074803136	0.00807847165188306	0.0981145707831885	0	0.122963286601108	0	0	0.133	0.104961216048567	1.05092767749266
GSM1607811	0.0673607845458545	0	0.0786564070754499	0.00951458101145265	0	0.088610021903575	0	0.0826790541176317	0.038916072283004	0.00983283372453894	0	0.0975867657427565	0.0268112358636504	0.0459612097757505	0.0248629949773595	0	0.0447430192794235	0.0510482408782378	0	0.333416778821315	0	0	0.628	0.00705935632084858	1.10308235015024
GSM1607812	0	0	0.134125820271437	0.0437181678303801	0	0	0.237304955432449	0.080513241294807	0	0.0635611536012462	0	0.121911749872168	0.0247300113733393	0.0162383976678302	0.0564922315088655	0.0192642374829652	0.0311661031946051	0.0436920223521165	0	0.127281908117791	0	0	0.307	0.0529256473354824	1.06485327863307
GSM1607813	8.85106053365046e-05	0	0.040339426684393	0.125371042246009	0	0	0.0567869905174922	0.0831323597060666	0.143684666602629	0.0576701010154697	0	0.17380268083277	0.0198047443709169	0.0146888778196552	0.0220390420354304	0.091794315612411	0.0390303669643044	0	0	0.131766874987115	0	0	0.466	0.0291790513203999	1.10389730801231
GSM1607814	0.000250573873999791	0	0.0130233989762474	0	0	0.0919803293530684	0	0.0238254934366562	0.0168146018904825	0.011516245343952	0	0.0712260241798078	0.0807914036641692	0.0955491147866672	0.00787450691658576	0.00396956013931441	0	0.0349910125144591	0	0.540950719800117	0	0.0072370151244729	0.106	0.114870651133922	1.13296865202175
GSM1607815	0.0281368492614765	0	0.0230554617061295	0	0.0284082203023978	0.0410651000760802	0	0.0361730232731951	0.0424433320342434	0.149734897483918	0	0.136984527699479	0	0.169600420860072	0.0117164988575581	0	0.0132048394098392	0	0	0.319476829035611	0	0	0.522	0.020613491215165	1.13307511210906
GSM1607816	0	0	0	0.0114557202012922	0	0.0639003999959744	0	0.0152670114092052	0.0174823306935814	0	0	0.045783177139712	0.147451382715869	0.216434485351337	0.0246615944059977	0.0384118332403255	0	0.0443802086000026	0	0.321318242413583	0	0.0534536138331199	0.031	0.193349778571605	1.04306749562469
GSM1607817	0.0630929601946947	0.0112132735250043	0.067557983136527	0.123160125279415	0	0	0.00865072616568476	0.162499702864622	0.0253650919234249	0.133999422740051	0	0.132092329316268	0	0.0755008026947723	0.0416462831367581	0.0465146404478017	0.016202675778145	0.00397253466251577	0	0.0885314481343148	0	0	0.00800000000000001	0.264913604561651	0.989808335899868
GSM1607818	0.0109529487245209	0	0.0298907963879475	0.0968970084552085	0.00159807351455807	0.031307775816131	0.117044295107949	0.130111658983451	0	0.0520976020328355	0	0.137745256508574	0	0.0856398944007252	0.115041748124983	0	0.0326743154001182	0	0	0.158998626542999	0	0	0.085	0.128963218937409	1.05463445987728
GSM1607819	0	0	0.0572685657314104	0	0.077603419289385	0.172153058146663	0	0	0	0.000721598547068655	0	0.128834933342132	0	0.151774313727315	0.0395313138119469	0.0871779546975661	0.0431999529003187	0	0	0.241734889806195	0	0	0.445	0.0322075814206166	1.09108704738432
GSM1607820	0.00968554299340903	0	0.136505583079259	0.0592729859865315	0	0.00544947069283127	0.193882361254557	0.0781731596863909	0	0.0274165416030074	0	0.155088409887034	0.0310490210356951	0	0.0554261354080804	0.0384658936484671	0.0333615912182609	0.0378665667155341	0	0.138356736790942	0	0	0.363	0.0437033889299553	1.06948282364625
GSM1607821	0	0.00185089142990293	0.0136453700856305	0.0519695037318552	0	0.0639158751620018	0	0.103172809552339	0.0248830857639087	0.0700519077007318	0	0.134969129259364	0.0290077892789912	0.0393357623819743	0.0660894377746594	0	0.0459727182050264	0.0185920800601073	0	0.336543639613507	0	0	0.383	0.0403399129798651	1.11287073778755
GSM1607822	0	0	0.00769396098385036	0	0.0419010798580842	0.118936854555383	0.10652289504781	0.0531525862604764	0	0.0453717020461852	0	0.209347627638216	0.00274265891675396	0.108316150185119	0.063473630544084	0.0267270950698539	0.0192936172436143	0.0389341492153173	0	0.157585992435252	0	0	0.103	0.116305967198649	1.06625769260286
GSM1607823	0	0	0.0413136871897812	0.0591712201582527	0	0.124349072382033	0.0432462418001537	0.123938168841593	0	0.105539521069427	0	0.130781205029502	0	0.00119512177725019	0.177047298763899	0.081069685644581	0.0389110738467109	0.00256639026631084	0	0.0604572498384411	0	0.0104140633920655	0.037	0.182903996874482	1.04216979271385
GSM1607824	0.00472225495710565	0	0.101014559912209	0.0508823802767515	0	0.0747308184224693	0.055067371931029	0.16376094228306	0.0520502673853755	0.0530413506233167	0	0.134331262526483	0.0580723534543682	0.012432266036839	0.0458426119882728	0.00931725600114819	0	0.0142700605266537	0	0.166084093839154	0	0.00438014983576415	0.078	0.132796251273904	1.04267140962983
GSM1607825	0	0	0.06420141290532	0	0.0382361019053515	0.0379041443297686	0	0.0335844870458373	0.0204468320908353	0.0357559184588655	0	0.0845649190247708	0.0782356887613465	0.103714152713772	0.00147168431351658	0	0	0.0398268748778536	0	0.455961806476838	0	0.00609597709592448	0.206	0.0806869097216728	1.11552920366318
GSM1607826	0.00653618381199293	0	0.00979810213623476	0.146231666331192	0	0	0.0860578159233129	0.171619053972528	0	0.0712521239543321	0	0.188739940083225	0	0.049889584746624	0.0779138882933876	0.0684758678674398	0.0163043112476513	0.00628248579276021	0	0.10089897583932	0	0	0.041	0.176208455103527	1.04615144207127
GSM1607827	0	0	0.0476626250674171	0.053377190801497	0	0.0273696169028402	0.00256719442318761	0.123341653717048	0.0249119429746202	0.0336899283472275	0	0.111336312136423	0.00158483125270616	0.174858961161553	0.0833467636408048	0.0803266607898286	0	0	0	0.235626318784847	0	0	0.13	0.105890734089918	1.06333053953984
GSM1607828	0.00660055715698783	0	0	0.0142037459025883	0	0.0552995296511039	0.133067774345195	0.076540231195103	0	0.0823182294395253	0	0.0823336325066279	0	0.0397224594457726	0.127059098633419	0.0693557094133176	0.0157100385631283	0.0271426073862616	0	0.270646386360969	0	0	0.072	0.138539557938121	1.05395515477795
GSM1607829	0.00116118668482631	0	0.00918986670945164	0.0125856029857531	0.0361432369331813	0.0128261244903774	0.0269540906662587	0.0436818793877189	0	0.0679595567091306	0	0.0630260154506062	0	0.152711524642801	0.0836851931806075	0.0272297055247042	0	0.00555895276953287	0	0.451598774891314	0.00568828897373626	0	0.04	0.180351477602592	1.07384431699089
GSM1607830	0	0.107560465229056	0.192673186601376	0.0581810330724716	0	0.132921931984733	0	0.117650386296929	0.0477518031855464	0	0	0.0295652716534794	0.040077555188012	0.101847657617639	0	0.00938687401897968	0.0306110393234963	0.0058064700253514	0.084786361503345	0.0411799642995847	0	0	0.948	-0.0330603801872912	1.07731318628405
GSM1607831	0	0	0.025262550055369	0	0	0.204843038796574	0.0453926569917308	0.106303600527559	0.0179212285403196	0.130571569904951	0	0.139766898149808	0.00197749337760685	0	0.109690129172334	0.0512978787844718	0.0257193185896045	0.00255952138378736	0	0.138694115725884	0	0	0.186	0.0874116913314252	1.0844136143075
GSM1607832	0	0	0.0435553604201988	0.0466180180933216	0	0.0189977912471394	0	0.145169580276951	0.0514755762552708	0.0460547641254325	0	0.151559356424732	0.0260419151063425	0.0412595121297332	0.0824431407995048	0.0961655108355324	0.0466499060946831	0.00529028898725818	0	0.1987192792039	0	0	0.573	0.0144287551110993	1.0945641533856
GSM1607833	0.00389038152914025	0	0.00585065343685607	0.0431329190279071	0.028519804591845	0.0156057829816793	0.013489131075554	0.0549458886499627	0	0	0	0.0995204419080239	0.0448655420619183	0.101869149799245	0.0601041498977431	0	0	0.0268687442775901	0	0.471797506822164	0	0.0295399039403708	0.084	0.129551574744218	1.10207930512033
GSM1607834	0.0663495964221467	0.00756429416688052	0.065841078658055	0.0859639202704007	0.174939236057353	0	0.0882369229246472	0.134342186971971	0.0512013048683383	0.0631128804499466	0	0.0804067616588763	0.00855268587935725	0.0149903333493856	0.0236887436570365	0.0686827138099722	0.00780434654280037	0.0166918157420066	0	0.0416311785708271	0	0	0.005	0.30674315086191	0.965071053008138
GSM1607835	0	0	0	0	0.00243121384427143	0.144052973075956	0	0.0723887033952241	0	0.00731616727142479	0	0.0828942180282655	0.0262435942517925	0.216150619165968	0.044175404316883	0	0.026870940322706	0.00579759220596834	0	0.370940404559197	0	0.000738169562343651	0.253	0.0651902675297741	1.11345478861917
GSM1607836	0	0.0126134736600769	0.0675568086953811	0.0788219145278605	0	0	0.0800632626081587	0.0355703046289309	0	0.220055005621294	0	0.121936745542247	0	0	0.0346230072884527	0.00641573765707087	0.0511499500630223	0.0552233935490906	0.0297803414410873	0.206190054717327	0	0	0.011	0.244323275482327	1.008981003799
GSM1607837	0	0	0	0	0	0.0725553727622475	0	0.0846353678420337	0.0178824614348013	0.00201103222438467	0	0.113350341342686	0.121441833530059	0.051584139484557	0	0.0018879000648028	0.012510543407923	0.0997035919293173	0	0.389648778370783	0	0.032788637606404	0.226	0.0733925907749521	1.09962411248116
GSM1607838	0	0	0.0651222868658539	0.164315056370896	0	0	0.1589755804852	0.112457639207546	0	0.0870829090621629	0	0.0831715381068037	0	0.0728040358150181	0.0568491941562536	0.0223660429165804	0.0192615349012531	0.0418991144569812	0	0.115695067655451	0	0	0.091	0.123932258105267	1.04689052669311
GSM1607839	0.0127913950118431	0	0.257015150312998	0.0552643815391221	0.0601467061854807	0.0183632266788175	0.0612211409689306	5.31535173699763e-05	0	0.0355270683043391	0	0.0918202374506357	0.0450907690610013	0	0.0242156207935828	0.17223112759983	0.00331419706223405	0.021884434333815	0	0.14106139118	0	0	0.556	0.0162290164113348	1.05514633704407
GSM1607840	0.0440279519899128	0	0.0321211746060635	0.0310586662460759	0	0.193635213175397	0	0.0313139647986387	0.0454265558627261	0.0711074069232003	0	0.0794850499185431	0	0.138057416682837	0.0362293943935384	0.00569926438256053	0.0327600608068451	0	0	0.259077880213663	0	0	0.5	0.0231307147362681	1.09931463718478
GSM1607841	0	0	0.0154399376327123	0.0838089743305834	0.00533127868442492	0.0276552933841025	0.0913455195618477	0.0526473046974332	0	0	0	0.0694028780693123	0.0288699421326172	0.153772309259213	0.0986210939796616	0.0239942790622844	0	0.0212402955374675	0	0.325774049203399	0	0.00209684446494073	0.017	0.218848657719491	1.02062574465644
GSM1607842	0.0428862495171245	0	0.0110042012414581	0.0588818907872447	0	0.125335454038534	0.00172226300370674	0.0913904102228133	0	0.0930042024787616	0	0.187548445012454	0.00901905495982743	0.0111221890842646	0.0374393957028657	0.052333851355714	0.0601333757064796	0.000766086051314932	0	0.217412930837437	0	0	0.507	0.0226285745595167	1.11601065975145
GSM1607843	0.00460908949134914	0	0.0146117296387614	0.123448381905223	0	0	0.146788782458191	0.102228346945092	0	0.0872263593003915	0	0.167829445925457	0.0147920247259165	0.00625385785388698	0.0827162398466589	0.0438576255395054	0.0129663478951692	0.0114926598449963	0	0.181179108629402	0	0	0.018	0.215455104967324	1.02392367750712
GSM1607844	0	0.0903510189319708	0.145566293100037	0.142595400142173	0	0	0	0.173752976467096	0.0393441052826185	0.0429510654474523	0	0.229868882402736	0.00183128845719542	0.0370270504952375	0.0102116223424775	0.0291290125782837	0	0.0239383008935366	0	0.0334329834591862	0	0	0.124	0.107373980568314	1.07939369333754
GSM1607845	0	0.00992390275199121	0	0.0541864853942653	0.0466253707584105	0	0	0.182599593063948	0.0608786253449454	0.0947672097760378	0	0.0304389162316129	0	0	0.0332822006573096	0.0712101049140085	0	0.265789536588863	0	0.150298054518608	0	0	0.045	0.169486381761756	1.03990722860545
GSM1607846	0.0380559651286554	0	0	0.0827253580688645	0	0.070479016227315	0.0203289689450037	0.133283807739519	0	0.103322361133408	0	0.149167589846804	0.0147040402430165	0	0.0716490610689441	0	0.0831384147181489	0	0	0.233145416880322	0	0	0.419	0.0355536060755718	1.10909857861123
GSM1607847	0	0.00951327925996903	0.0802500750640832	0.151903335133377	0	0	0.0535282301614155	0.120614959770422	0.0578310688849761	0.00210357660558222	0	0.129033559077219	0.00307542620662421	0.0795670060124933	0.032841625622009	0.0489000572968024	0.033527029025592	0.0069489808878516	0	0.190361790991583	0	0	0.435	0.0332122005914591	1.08244118591541
GSM1607848	0	0	0.107560587140942	0.0128359619758424	0	0.134819183472971	0	0.042007726497881	0.00265961367530928	0.00297208045379025	0	0.10330810361821	0.0220231771791692	0.12354104236073	0.0424867734195605	0	0	0.0148771210270113	0	0.383568338073818	0	0.00734029110476449	0.513	0.0222074057404991	1.12040363945222
GSM1607849	0	0	0	0.0116302180653939	0.0728739309729369	0.0757265989454445	0	0	0.00346960986243213	0	0	0.0491750686249261	0.120549055505504	0.228247654701067	0	0.0191155270971776	0	0.0174098537847444	0	0.333384099964918	0	0.068418382475455	0.021	0.211326276393904	1.03670096110059
GSM1607850	0	0	0	0.0162244351635284	0.00434416829484446	0.105205848144863	0	0.0590502876713377	0.0144395521020309	0.0309651565982814	0	0.0579115921080286	0	0.141180506070115	0.010435016261968	0.0642786398588238	0.0176956271299678	0.0244177807985982	0	0.438418786368286	0	0.0154326034293262	0.099	0.117468331941579	1.09953239857391
GSM1607851	0	0	0.084228412341793	0	0.0375368462911776	0	0.0975892847949733	0.0791087946437228	0	0.0325735910715245	0	0.125568837157275	0.0180519810829297	0.05979397062015	0.0769583303098859	0.0222922169572052	0.021579716721723	0.0247436051209559	0	0.319974412886684	0	0	0.401	0.0381635123847942	1.09648949670683
GSM1607852	0	0	0.0355496289534022	0.08003022195244	0	0.0753746641326995	0.157462771530755	0.0435084682511934	0.016806757637963	0.0403637365413103	0	0.13489403261545	0.0244095268532361	0.0440375917208786	0.084404602503944	0.0203756362995282	0.0347087627447381	0.010319479707519	0	0.197754118554942	0	0	0.11	0.113081169196215	1.05564004717357
GSM1607853	0.0437058493580336	0	0.218971135652877	0	0.00565132116967599	0.00973737020353121	0.0398197585510106	0.0774615627183887	0	0.0593970956286924	0	0.0808423589259081	0.0376539751081144	0.036762632496402	0.084080826246574	0	0.0306938957694318	0.0169417458812345	0	0.258188351119732	0	9.21211703940244e-05	0.356	0.044172743844267	1.06566937112688
GSM1607854	0.00492391288447255	0	0.00978950243440923	0.0326914029995827	0.0028364241766619	0.0253643374449011	0.107453012232721	0.0304407401415453	0	0.0184059168912664	0	0.0747477128263564	0	0.0802794405263701	0.102297110923559	0.0190241361047237	0	0.076353322073043	0	0.412144408699564	0	0.00324861964082376	0.159	0.0963202946403617	1.10674686918246
GSM1607855	0.00887642155686306	0	0.171078542488938	0.00284988360485971	0.0578310282448916	0	0.0568694753281304	0.0780582486091415	0.0373098783370436	0.113256429007213	0	0.144914645748177	0.0494275487878007	0.0329452165553859	0.0560435782226585	0.0357760370573947	0.0333289788073547	0.00162363774672076	0	0.119810449897426	0	0	0.426	0.0347828252576416	1.07099764443338
GSM1607856	0.0194590644421256	0	0.0491399360949322	0	0	0.0960185905693546	0.0416063182747948	0.0716563970914187	0	0.0485351177522495	0	0.165943041269285	0.0507810975605172	0.0827576268736094	0.0247056928300937	0.0619945319499774	0.00914446657879853	0.104312054967255	0	0.173946063745589	0	0	0.289	0.056612028061678	1.07193174201843
GSM1607857	0.00440870960239364	0	0	0.0145393624537275	0	0.0110179032381185	0	0.138088854173967	0.0259979738915569	0.0377550003657727	0	0.0896357163899266	0.0140176351149535	0.328206056691338	0.0311439992341152	0.00430265914429882	0	0.0652587973430739	0	0.235627332356757	0	0	0.012	0.243330783413219	1.01284313058372
GSM1607858	0.00121642152086132	0	0.0160566624362294	0.0018072203931334	0.00643030527209594	0.0414150092737837	0.111441835487413	0.0924243015491882	0	0.0708242932148637	0	0.109512264130461	0.000979292851659514	0.148572616216955	0.0633085604267692	0	0.0188176095716712	0.00713715045299383	0	0.303814246335275	0.00624221086664598	0	0.142	0.102892974055827	1.07500644489855
GSM1607859	0.0308804451081745	0	0.101934405891111	0	0.0278367263980498	0.0378212781763852	0	0.0812580301513728	0.00349877252151706	0.117716308205036	0	0.119811734239167	0	0.163251338666619	0.0324187663752458	0	0.0474581255578211	0.0102813421004722	0	0.223781613669609	0.00205111293941922	0	0.448	0.0319022143331293	1.08776974337911
GSM1607860	0	0.0157216353819238	0.048667629473199	0	0	0.0718530450024382	0	0.0634945504827037	0	0.0263401646672906	0	0.0645458464371739	0.0145770031643413	0.111070010971879	0.034745765357671	0.00259906133596948	0	0.0218642903975742	0	0.508834605338288	0	0.0156863919895476	0.349	0.0460320063265971	1.15691786264754
GSM1607861	0	0	0.0309984507154659	0.206596147338101	0	0	0.169796500060408	0.106424663705846	0	0.0260376540401955	0	0.126238786650011	0.0115613468936793	0.0079848345570255	0.146534144463694	0.0703088157871576	0.015345527687603	0	0	0.0821731281008138	0	0	0.014	0.23080304559419	1.01233398896609
GSM1607862	0	0	0	0.120555391080718	0.0709354078341488	0.0648200221100789	0	0.025938728075353	0.0186395826837911	0	0	0.126312356802836	0.117610990700339	0.0279577211947638	0.0378284130046576	0	0.0308210897242341	0.0620581191793554	0	0.226337189080308	0	0.0701849885294151	0.178	0.0912056466766847	1.06586714608855
GSM1607863	0	0.012305280198274	0.192971068148381	0.0696603648133299	0	0.0289300599813754	0	0.0834749973622844	0.0781966576856985	0.167605627262231	0	0.135541268313612	0.00635389131016602	0.011525635079622	0.047401709296545	0.00588897045519361	0.0467493171171019	0	0.0410773361720651	0.07231781680412	0	0	0.261	0.0625321611030449	1.07900274962526
GSM1607864	0.00201878746071534	0	0	0.0981140839472078	0	0	0.172819258890639	0.0505915869116942	0	0.0799361013599122	0	0.0781660603932786	0	0.103548046517506	0.113433607557928	0.0260558706304548	0	0.0363230089549347	0	0.210843870031902	0	0.0281497173438265	0.015	0.228360615248808	1.00745640140561
GSM1607865	0	0	0.0466562918894612	0	0	0.0590261979812727	0	0.0456761730792503	0.0392355004769334	0.0052522338981773	0	0.0719230416023554	0.0165102577861822	0.187489388141472	0.0224313237641535	0.00109227076452205	0.0311010331679999	0	0	0.451368574895389	0	0.0222377125528309	0.225	0.0734849957144975	1.129004739255
GSM1607866	0.0380882711564678	0	0.0751569053778524	0.031289770383428	0	0.0702690541264516	0.127381527784887	0.150785166715368	0	0.0153327087470968	0	0.121734400184454	0.0210633185606397	0.00334358638346568	0.0883053210859811	0.05429712497514	0.0238609556447093	0.040977826246822	0	0.138114062627236	0	0	0.404	0.037753223900622	1.0719653741938
GSM1607867	0.030505612461033	0	0.143922825879931	0.0416468946703323	0	0.0485115847622929	0	0.130713927137592	0.00706382225385479	0.209728722945369	0	0.117921044101966	0.0529172313275616	0	0.0473810024081707	0.0292682502524919	0.0147008959970852	0.0411747594363829	0	0.0845434263659364	0	0	0.214	0.077271288977981	1.07397980248817
GSM1607868	0	0	0.0125555631272432	0.123914598183174	0	0.0440808921932693	0	0.132767125950434	0	0.0180806117938482	0	0.199826954184585	0.0766961289842981	0.0333402523754077	0.0497726916590653	0	0.00721310370608577	0.0313123612617895	0	0.2704397165808	0	0	0.091	0.125097272640091	1.07194525663358
GSM1607869	0.00259654130250687	0	0.0576728489006497	0	0.067310080454016	0.120963514416725	0	0.0256608698004879	0	0	0	0.0869718604900514	0	0.0271115989245751	0.0647729649621102	0.0157280232562218	0.0492794940830875	0.0623732625925898	0	0.418939257481553	0	0.000619683335425567	0.274	0.0598899482986344	1.1115901914124
GSM1607870	0	0.0150558992425556	0.0846516135460703	0.0170598780204049	0	0.105315284686731	0.00425238097030354	0.0841282323704894	0.0157286090699596	0.162940399684452	0	0.143758658719628	0	0.129890011214882	0.0868897021642736	0.0937309056578441	0.0144938168879462	0.00489365428070008	0	0.0372109534837594	0	0	0.213	0.0774783502584373	1.07799246010334
GSM1607871	0	0.00510676752488934	0.0928959135811495	0.171877901314781	0	0	0.0625212129651317	0.118862735688011	0.0187405798272379	0.0761045743778142	0	0.149351257345437	0	0.0795114784726245	0.108940304164527	0.0661180619850918	0.00984408946883264	0	0	0.0401251232844726	0	0	0.00700000000000001	0.279870729603254	0.984633677656631
GSM1607872	0	0.016936613426826	0	0.0228677304121041	0.0185444468568531	0.0153837288212392	0.0084078195612665	0.0484124932631505	0	0.0313451748520839	0	0.122618455566029	0.0411920338598751	0.064385268246019	0.0275231441661629	0.0356681874303612	0	0.0553929638896652	0	0.474725794467911	0	0.0165961451804533	0.236	0.0705161870945919	1.13462014724628
GSM1607873	0.0481877052144404	0	0.0741099469348746	0.0523418924591137	0.0377018803957388	0.12776552559821	0.0106776305004258	0.15185874728722	0	0.0840467363420459	0	0.143824110852079	0.0211484863604888	0.0133905652961431	0.0128892330581445	0.0593212285927222	0.0197491586637018	0.00631819129765366	0	0.136668961146999	0	0	0.273	0.060903128154996	1.08147785816018
GSM1607874	0.0111118988851163	0	0.065352492596725	0	0	0.115747597274921	0	0.0414448896405355	0.0291083349918606	0.0949606727272456	0	0.112719564596605	0.0059644846482188	0.0318720846989705	0.0181962341445625	0.0406742716669257	0.0468265024913013	0.0253384828720696	0	0.360480855795352	0.000201632969590765	0	0.554	0.0166127770481148	1.11873000520655
GSM1607875	0	0	0.0154941902397273	0	0.000933669630647965	0.0663322445900307	0.00180712690603743	0.0365265842509968	0.00829993886746249	0	0	0.0751573230263268	0.0154135532048181	0.271048566154584	0.0293139628349926	0	0.00838918842972233	0.00509346057377563	0	0.436014211215886	0	0.0301759800749916	0.208	0.0794808496308696	1.14031701748001
GSM1607876	0.0369164090711677	0	0.00644037942438294	0.0219728197521149	0	0.191604744551035	0	0.0963873368128044	0.0228701744379284	0.0453915151190296	0	0.144241062200106	0.00642896078613667	0	0.0446888513725062	0.00122200230461785	0.104005557242842	0.0199793284997926	0	0.257850858425536	0	0	0.589	0.0128776727974829	1.10880788635843
GSM1607877	0.011665530895581	0.0741977467942288	0.0664258329068321	0.0981828225168432	0.00362714053905453	0.0435429129185833	0	0.109168828044686	0.083606498974589	0.0388372673329877	0	0.104325873381415	0.0349253285967319	0.0274142012605903	0.0341639274938692	0.0109614653181738	0	0.0105816564720631	0	0.248372966553771	0	0	0.196	0.0839761213426819	1.06688798693109
GSM1607878	0.0168252946518069	0	0	0.0655790809519521	0	0	0.0636456883924259	0.0662258170740491	0.0344461171596378	0.189007228253636	0	0.203994952290166	0.0205107532580035	0.084075750544628	0.114551911560207	0.071941577538744	0.0332014193697582	0	0	0.0359944089549861	0	0	0.037	0.182660630241479	1.05811037872978
GSM1607879	0	0	0.0266794234452864	0.090476112858182	0	0	0.173236578762118	0.136117742252543	0	0.0526686012625409	0	0.135464252201154	0	0.106464987414238	0.139095805043588	0.045853607357805	0.0137283745773427	0	0	0.0802145148252018	0	0	0.049	0.163287325878287	1.03983236224305
GSM1607880	0.034292447988078	0	0.00675604351648408	0.044316148843815	0.0885800046475553	0	0	0.104499062262818	0.059651463174591	0.0314576375605298	0	0.0906289285269552	0.0437755880157281	0.0252705566530184	0.0434387538214759	0.0247946463945375	0.0102286342527809	0.0201318296543086	0	0.372178254687324	0	0	0.279	0.0586164583967654	1.10130492617019
GSM1607881	0.00357013962575211	0	0.0307074601708064	0.0242550508525193	0.00549884171548118	0	0.0869232570609972	0.0960463792613275	0.0171162063831089	0.10706570081277	0	0.153945457347817	0.0143778038185354	0.108414563187083	0.176419847548443	0.0731709709114108	0.0183022526060372	0.0190905601190014	0	0.0650955085789109	0	0	0.054	0.155479674791122	1.05419991850387
GSM1607882	0.036000998310308	0	0.0564537626992228	0.000411137015782786	0	0.0534787423696684	0.0754290045780266	0.13273263378342	0	0.0569912327961871	0	0.107270233245104	0.00660028557141177	0.00209018651329781	0.0776751113143707	0.0711362457493299	0.034106845083362	0.0124884389895676	0	0.275987413609844	0	0.00114772837109624	0.191	0.0865974614632757	1.06404692337104
GSM1607883	0.00067219078527058	0	0.0413913202424986	0.0249037913522411	0.00254990385061158	0.0698324928999184	0	0.0715962110101639	0	0.0032884480883694	0	0.129359478310932	0	0.0616783020776888	0.0368837391789953	0.0770820338493365	0.0564095274253869	0.0328356652816781	0	0.391516895646909	0	0	0.153	0.0993256212090821	1.08720041458409
GSM1607884	0.00970783781178759	0	0.109591861575237	0	0	0.152582853286056	0	0.0461761517932969	0	0.0246698045721469	0	0.135875833579123	0.0731167769037994	0	0.00149265079825811	0.030622312799733	0.0648822045123508	0.0391554245936074	0	0.299385249367119	0.0127410384074835	0	0.747	-0.00554988327330754	1.10105133718018
GSM1607885	0.0246194395019926	0	0.00755296980351676	0.0238132988446195	0	0.0143858424511589	0.170549036452445	0.054220211843891	0	0.0583216925696566	0	0.0847470597625387	0.0739433579665928	0.0733700199422285	0.0191615862228489	0.0159570221902218	0	0.0432145060386412	0	0.304653810461437	0	0.0314901459482102	0.365	0.0432496974100321	1.09029722853114
GSM1607886	0	0	0.111482545290674	0	0.00928206126637656	0.0580465376752017	0	0.010982888168159	0.0603319814886102	0.0086813212688632	0	0.0730315619004828	0	0.0907617894619443	0	0	0.0505474281502701	0.0320369256207698	0	0.494814959708648	0	0	0.405	0.0376136353073447	1.14929968015878
GSM1607887	0.0140148664099333	0	0	0.0905078324712347	0	0.0372505124433276	0.124836065287303	0.106912699091942	0.0422122842170581	0.0876959664809157	0	0.178382565863276	0	0.0811666954374431	0.117430299550063	0.0947086314057281	0.0235641326820325	0.00131744865974276	0	0	0	0	0.00900000000000001	0.248791508244866	1.00983572983626
GSM1607888	0	0	0.083588588276689	0	0.0751271424552242	0.0075759658204741	0.0605431131549709	0	0.049741053917125	0.0947544184340314	0.0452373198659122	0	0	0.207038174255414	0.0253612057940931	0	0.00771686063732674	0	0	0.343316157388739	0	0	0.605	0.0106847644734337	1.12243540195254
GSM1607889	0	0	0.00632908630474913	0	0.00345278936996661	0.150456420154919	0	0.00307331218454644	0	0.0478339649367221	0	0.0645387195306258	0.0508180641374278	0.182491014441231	0	0.0454348152249944	0	0.0204769299391939	0	0.413279309489182	0	0.0118155742864422	0.0610000000000001	0.145853773262868	1.08231845295248
GSM1607890	0.0340575461344122	0	0.047369725403256	0	0	0.0466178040297674	0.115767525644203	0.0741459119837059	0	0.0520512939074793	0	0.0728479727951084	0.0130282669589322	0.0469538098353157	0.0653084369050627	0	0.0685715256181175	0.0245827219970075	0	0.313113011012086	0	0.0255844477755463	0.243	0.0686107180079152	1.07385261943765
GSM1607891	0.00570209993704629	0	0.160114195361023	0.0810316973200247	0	0.0969229540823981	0.0448777132644551	0.118978487979405	0	0.15949317112346	0	0.101921218959142	0	0.0191091866083455	0.097461187440052	0.0525789402768665	0.0138560327379985	0	0	0.047953114909784	0	0	0.025	0.201356984207321	1.01813460312914
GSM1607892	0.0065464233674852	0	0.0619053404822769	0.0929062329044333	0	0.0372009041052967	0.0534234519560434	0.140501077900558	0	0.0552000450610306	0	0.149042138613514	0.00959191248075355	0.00561309920109754	0.0758992155963861	0.0139837906251454	0.0204793996817424	0.120128154475805	0	0.157578813548433	0	0	0.054	0.155357044183304	1.04222684722279
GSM1607893	0	0.00495641120636789	0.0545985565837502	0.123501346087167	0	0	0.0456577526355464	0.142255473535082	0	0.0278026542886179	0	0.218592840851338	0.0308463280448595	0.000259067521080619	0.0561329849224811	0	0.0130260374488849	0.0213375227560521	0	0.261033024118772	0	0	0.124	0.107316016194179	1.0852147391184
GSM1607894	0.00375010150017178	0	0.0623786375969528	0.0125678308545502	0.12478445475806	0	0	0.00184912847690967	0.108608211474658	0.0809651248708365	0	0.0410815540006703	0.0335913668496769	0.154850969822383	0.00632852587686657	0	0.0245497921823111	0.0802178530695525	0	0.2644764486664	0	0	0.219	0.0742140884549498	1.06956914834127
GSM1607895	0	0	0.0541052326035473	0	0.0332472002489004	0.0331278993426122	0.0732864521507982	0.167582033418559	0	0.0585945403991576	0	0.148202259832163	0.027556019549971	0	0.117746980605455	0.0265661457342533	0.0726690797491903	0	0	0.157798810633674	0	0.0295173457317195	0.255	0.0641973490047429	1.07260258288503
GSM1607896	0	0	0.00750980410283029	0.101455587956004	0	0.0506894594708465	0.167527621257676	0.0966278514402421	0	0	0	0.104913308527846	0	0.0680001916522582	0.0811862821567682	0.0323840371585814	0	0.0529311170825697	0	0.236774739194378	0	0	0.086	0.12848039441523	1.05206279193644
GSM1607897	0	0	0.026874906315744	0	0	0.158592470922309	0	0.0864022750533323	0.0180139846555503	0.0925303592719964	0	0.108287130806485	0.0107582938329853	0.065854657815533	0.0316875661978676	0	0.0432918628835486	0.00466918041176055	0	0.316543048847121	0.011441332546281	0.025052930439486	0.09	0.126323313625602	1.06310921984715
GSM1607898	0	0	0	0.0611385175211544	0.00284893863318574	0	0.118896949369756	0.047473042613757	0.0957690100849982	0.00717006306370567	0	0.161357920260154	0.00467463173011328	0.0420705279120191	0.0729086148080382	0.0351684986300768	0.0418793431227022	0.0789470843599723	0	0.229696857890367	0	0	0.23	0.0728188132277404	1.08148096692874
GSM1607899	0.0229154127487484	0	0.00614439342097245	0.145890094011706	0	0.108988692382399	0	0.112244783856139	0	0.119967989979349	0	0.205690288530457	0	0	0.0300860325624848	0.0643002704313925	0.0830255416918514	0	0.0828293973649212	0.0179171030195793	0	0	0.44	0.0327259411085677	1.13288399190958
GSM1607900	0.00426637612662036	0	0.0395316303038249	0.217029853549393	0	0	0.180568798886755	0.077982983074123	0	0.0218233392648042	0	0.116581936967865	0.0018478019127813	0.0295075161976011	0.0661452557007051	0.0221119370131315	0.0104712154682961	0.00645623132595851	0	0.20567512420814	0	0	0.046	0.168314848295507	1.0380417574115
GSM1607901	0.0497508528000739	0	0.117035387391036	0.0374738458438309	0	0.0861929488697773	0.0619888720203265	0.0826593989904708	0	0.071223397667551	0	0.129628848510525	0	0.0538667533843581	0.0436956438953128	0.115961498165574	0.00605413299609104	0.0186585490808531	0	0.125809870384221	0	0	0.096	0.121199965891101	1.03521679872762
GSM1607902	0	0	0	0.103800144602683	0	0.00375335329092154	0	0.0797677573622677	0.0714189845914365	0.0935472210669429	0	0.180303163393622	0	0.248065430228427	0.0638388776175167	0.0441017846239517	0.00175462515625031	0	0	0.100817147313713	0	0.00883151075226795	0.035	0.18892299659164	1.0427738822071
GSM1607903	0	0	0.0392197239146261	0.011304993368101	0.00804032798330316	0.0913322263407933	0.072873981669106	0.102193721248065	0	0.0230260572918846	0	0.132530223863354	0.0056177680168237	0.010729134713686	0.056317414225727	0.00700004372335778	0.105528467645271	0.0311582941497362	0	0.303127621846164	0	0	0.42	0.0354259306710966	1.09453635008379
GSM1607904	0	0.00694549162952883	0	0	0	0.0468117116736802	0	0.0449535542055436	0.0522701237709679	0.0104329835624282	0	0.0474460203836649	0.0640895491349912	0.188252685698667	0.00923443954767293	0.0228904322922847	0	0.00267817954378927	0	0.46921941164623	0	0.0347754169105508	0.191	0.0863500864413609	1.13361684713164
GSM1607905	0.0275962178865516	0.06079289643361	0.119587459409181	0.0356430449647546	0.196438866184008	0	0.0673479280743634	0.0614032593993756	0.136465019663968	0.0552745621845683	0	0.0784343431481393	0	0.0309089377322942	0.0147290871555924	0.0628804912431324	0.0112055210286017	0.00211134912176096	0	0.0391810163700986	0	0	0.0649999999999999	0.143083105970703	1.03464960298654
GSM1607906	0	0	0.0466823633411997	0	0	0.11159479841306	0	0.0911808386901361	0	0.0846956511138844	0	0.100343986797159	0.00336118143560165	0.0276444638827276	0.0386222984040625	0	0.00480705189255276	0.0377018296875234	0	0.452927054895488	0	0.000438481446604382	0.3	0.0542888970179557	1.13397949071983
GSM1607907	0.00401786528847641	0	0.0103645490209576	0.123231808622932	0.0175505518178224	0	0.122111783709772	0.0617614558469859	0	0.111184914385013	0	0.098486161233984	0.0282707975058494	0.0492505107428896	0.154436804978071	0.0934127310389831	0	0	0	0.125920065808263	0	0	0.046	0.168353227824817	1.04078782821499
GSM1607908	0	0	0.21534450034299	0	0	0.0251756040947545	0	0.0566639360775333	0.018962136424662	0	0	0.0416034032444446	0.0312289986178089	0.0866528055472719	0.00321151657567351	0.0263898170583704	0	0.0350280065135792	0	0.455175360730495	0	0.0045639147724169	0.607	0.0103121743839012	1.14027095090986
GSM1607909	0.0283343975423366	0	0.0275201078390206	0.0410280512088415	0	0.0490131786345254	0.042761726775538	0.084818088210439	0	0.0967191315560154	0	0.170529881371286	0	0.088436550471137	0.0602204045260319	0.0784018776630386	0.0101521573397987	0	0	0.222064446861991	0	0	0.124	0.107444609852765	1.06920092227415
GSM1607910	0.00385870638049988	0	0.0149556112839877	0.0988507603734497	0	0.0047481044710868	0.0901635958027114	0.119211028107041	0	0.135385350654904	0	0.151776278133078	0	0.023714399567306	0.0825337328098192	0.0895246400020259	0.102808979567928	0.0127621766754953	0	0.0671686807746833	0	0.00253795539598357	0.0620000000000001	0.145137968962847	1.05014324852964
GSM1607911	0	0	0.309185457918735	0.0257785458729883	0	0	0.100569100838229	0.11264195425825	0	0.0203181351800454	0	0.0585992427419733	0.0208088107380798	0	0.0289838668796643	0	0.0183287609530365	0.0556606703025214	0	0.249125454316477	0	0	0.658	0.00384394302918682	1.07166216068384
GSM1607912	0.0265410869654079	0	0.0416963293366658	0.10581997301628	0.00184162703977859	0.00722505566615411	0.1135209662216	0.114111884123137	0	0.0387298345909714	0	0.193548989320225	0.0260479519005659	0.0921361041863834	0.0825628005931254	0.0550555973121733	0.00636546810737379	0.0205968594425115	0	0.0741994721776474	0	0	0.294	0.0554533172981726	1.08775244068351
GSM1607913	0	0	0	0	0.0611723957210835	0.00941688213739489	0	0.042219324876788	0.0419898777923632	0.0523614586972287	0	0.0523849088338692	0.0146423593820256	0.104519885300449	0.0222161516228649	0	0	0.0858650125927665	0	0.491045806842817	0.00047377830423886	0.0216921578961106	0.214	0.0769196147881722	1.13701080421461
GSM1607914	0.0347265160231394	0	0.0326948877617326	0.0176411185004433	0.03343144332834	0.0451168250902871	0	0.0488789945625911	0	0.115774933858706	0	0.207242933592286	0	0.114260000487083	0.0323888102136497	0.115363959104071	0.00336732284353001	0.00828725729158152	0	0.178665569424823	0.012159427917737	0	0.312	0.052181980143605	1.09907595354178
GSM1607915	0	0	0.101998476960912	0.0473688795872005	0	0.0804221617852111	0.0705713551365841	0.0645389769096665	0.000412618308118995	0.0652516241123124	0	0.0942071883311638	0.0391858286318983	0.122246656481761	0.0684072831393638	0.0125594050832795	0.0244901023374546	0	0	0.208339443195073	0	0	0.022	0.208549109905496	1.00336930306153
GSM1607916	0.00249149156281774	0	0.057493492136766	0.0669570090271138	0	0.00897335947089029	0.114473459503479	0.0889468423366525	0	0.0545468775351352	0	0.165086998037232	0.0285652952278253	0.0236372551524931	0.101289667351711	0	0.0964837111147805	0	0	0.186312318638261	0	0.00474222290484246	0.102	0.116609755875202	1.05458108071276
GSM1607917	0	0	0.0299997465927785	0	0.0538109676199856	0.13763569302828	0.0226374638618689	0.0179850294906186	0	0.242559110547638	0	0.0647703109935217	0.00483175344733126	0.00190757841153307	0.0890181957177039	0	0.0603084304472946	0	0.166676320802978	0.107859399038467	0	0	0.523	0.0203209620751424	1.11733888921513
GSM1607918	0.0693040374074952	0	0.134005207311013	0.00532151128713211	0.14986946381657	0	0.0778155818993347	0.0954975230839823	0.0588152570975578	0.114436140538042	0	0.0894275089997156	0.0073610338340542	0.0444871257020527	0.0305942638168127	0.0625988724072933	0.00970913704201959	0	0	0.0507573357569242	0	0	0.011	0.244767815768795	0.985891383602147
GSM1607919	0.00210535504079927	0	0	0.00107844550963627	0.0615246705936152	0.0288936369915085	0	0.0795533661257972	0.0304815161774947	0	0	0.0932268002608588	0.0596160353581367	0.133101654721898	0.018387547998728	0.00537649997643544	0	0.00944153234861471	0	0.477212938896477	0	0	0.287	0.0576727805033418	1.14315745161287
GSM1607920	0	0	0.0168951441707722	0.0411711464139869	0	0	0.143397295778604	0.0863034753407957	0	0.0449484587225332	0	0.127337222316721	0.0308196551054669	0.077293423605261	0.117190450474008	0.0236676547399348	0	0.0259966269658995	0	0.251268860905435	0	0.0137105854605809	0.049	0.162790810076189	1.04157059601973
GSM1607921	0	0	0.203846666549948	0	0.00371618145121078	0.0998605815046399	0	0.0209515041980693	0.0303506346405062	0.00956345256961342	0	0.0251876883164523	0.0262901536295716	0.110577605611117	0.0179751200851156	0.0349553182884427	0.0678469808070714	0.0641972095242117	0	0.257977159638481	0	0.0267037431855488	0.642	0.00549207935945373	1.07955344382407
GSM1607922	0.0314693603644788	0	0.0387048549608233	0	0	0.125410506522818	0.153428706723947	0.107649661609951	0	0.0861926177622672	0	0.0959618343502325	0.00325781316565568	0.0569931111434742	0.0233863444860725	0.0267421880220091	0.0560197425363557	0.0012032725406564	0	0.193579985811258	0	0	0.409	0.0372549682682408	1.07876581234587
GSM1607923	0.000653317831849662	0	0	0.0723510681026846	0	0.00524506852645856	0.171298774187912	0.157495155027495	0	0.0369327294984105	0	0.128436466874481	0	0.0101841185355258	0.0905208534012713	0.044398201902039	0.0195559353365156	0.0748109615904024	0	0.188117349184954	0	0	0.0669999999999999	0.140565160031747	1.04867480161657
GSM1607924	0.0259332710922791	0	0.0156732990424382	0.0693513498396404	0	0.032621063000439	0	0.0495339936846915	0.0373259837192834	0.00163982843602053	0	0.0723353407518982	0	0.0738335595060685	0.0485193460977612	0.047623403198025	0.0365381730324132	0.0166353532865859	0	0.456501671118128	0	0.015934364194328	0.454	0.0304106777361329	1.14197900776898
GSM1607925	0.0187570781638442	0	0.0227926397869704	0.0424231944352603	0	0.026088962418924	0.0912030521115491	0.111611802583366	0	0.0633796373561904	0	0.13325971056621	0.00727946603747127	0.00893199545105548	0.0869367005465153	0.0920886255404344	0	0.090512281724409	0	0.197412046925972	0	0.00732280635182873	0.545	0.0176421181434706	1.09890065042127
GSM1607926	0	0	0	0.00121445930718846	0.00414684134673845	0.0647314259612048	0	0.0435293911758426	0	0.012231450728972	0	0.078831441280006	0.0587391038360365	0.125591830012235	0.00579062553464276	0.0533707155144558	0.00121451182396971	0.0395923861003458	0	0.492315541221642	0.00422167794410831	0.0144785982126121	0.022	0.20923585306458	1.06491423746046
GSM1607927	0	0.0017602664726629	0.0671421966913925	0.115483748804719	0	0	0.0782940707064636	0.0932636005916437	0	0.0979922314925298	0	0.246015803564581	0	0.0446984008235891	0.16647442162082	0.0144796075253967	0.00156286352180378	0	0	0.0728327881843974	0	0	0.002	0.347841115757599	0.972203029909567
GSM1607928	0	0	0.0534127751960472	0.0418234850595921	0	0.0283593052136383	0.0619851154655323	0.122082567801365	0	0.084086651146261	0	0.179671231964938	0	0.0875015977156418	0.0691973311296541	0	0.00988623875637982	0.00487880530373608	0	0.257114895247214	0	0	0.165	0.0938328344414758	1.08411913662074
GSM1607929	0.0757987239898894	0.0119276685888119	0.0950415527570369	0.0402169578956533	0.16926216951805	0	0.101825955150924	0.113975398820432	0.0521414542697273	0.0745072910326794	0	0.087332382724999	0	0.0292511063289268	0.015423440727927	0.0707293371151364	0.00890891603161972	0.00552768638825258	0	0.048129958659934	0	0	0.015	0.22294976207483	0.999624637795748
GSM1607930	0.00850380136707233	0	0.0695607178001861	0.0738074159707661	0	0.0368818288390467	0.00615007289359093	0.0997580997856656	0.0865328421243747	0.0732944408321069	0	0.163925499619499	0.00314776093831778	0	0.0452313034068485	0.0156942604943939	0.0769142289867207	0	0	0.24059772694141	0	0	0.272	0.061041867028861	1.0894587177906
GSM1607931	0	0	0.0493369313734785	0	0	0.129528488888491	0	0.0439101281790878	0	0.0663299004314049	0	0.104067340137847	0.00612061192168636	0.152692495339629	0.101646233939784	0	0.00452172004100553	0.0143981284828991	0	0.327448021264687	0	0	0.328	0.0491104103904792	1.1092198439342
GSM1607932	0.00190927853380799	0	0	0.0837584229774907	0.0190648427396493	0.0418450871450787	0	0.0928192598903925	0	0.00514244153175948	0	0.120175814617166	0.0261340281822561	0.169124065033003	0.0420324331643539	0.0336528128879382	0	0.0381516702157373	0	0.32269588887599	0	0.00349395420537677	0.0590000000000001	0.148694266496489	1.05876648636589
GSM1607933	0.0100964624593757	0.0212386114240051	0.0414876371673733	0.118428445008766	0.11177035389218	0	0.0546023530065286	0.132833215011809	0.0235225599472251	0.0698408742752353	0	0.202083889838613	0	0.0464299435736814	0.0324951698969327	0.0258729617757806	0.0109905410365791	0.00475686319227877	0	0.0935501184936374	0	0	0.206	0.0809478444330388	1.09751674695435
GSM1607934	0	0	0	0.126048320273581	0	0.0283978213152039	0.0558675683834152	0.109932882261946	0	0.0358850035405586	0	0.160824991366158	0.0124771738335255	0.0935834640069705	0.144721864022876	0.00351662294729941	0.0586220129515311	0	0	0.170122275096935	0	0	0.3	0.0544810394367704	1.10036837187145
GSM1607935	0.0332127569860026	0.0299122607306001	0.0437944065725751	0.127497735269649	0.0856650160931513	0	0.111611007237268	0.112247461953088	0.0206473729391758	0.0806510521379006	0	0.0749520452860471	0.0262927017626905	0.0206810611846809	0.0174497532382086	0.0651301732473533	0	0	0	0.150255195361609	0	0	0.01	0.246716675454674	0.990744853813189
GSM1607936	0	0	0.0503612290332775	0.0512950081891075	0	0.0513277446341742	0.0166206933429086	0.109653908411215	0	0.0561145983196809	0	0.131731524858496	0	0.0552662880006874	0.0529209492407934	0.0388716930428544	0.0169482808768261	0.0459379204001876	0	0.309616385513762	0	0.0133337761360287	0.05	0.160328285088114	1.04446772673526
GSM1607937	0	0	0.201900344809771	0.0699855660402676	0	0.119432146188243	0	0.0500612976212856	0.0218113035953968	0.0654422708386991	0	0.102875836499577	0	0.272634905320727	0.0122636615293434	0.00885405816022064	0.00231384459345924	0	0	0.0724247648030097	0	0	0.627	0.00717166293712702	1.09332360663777
GSM1607938	0	0	0.165738675087949	0.0430087603953138	0.00136585139539848	0.0154127255534504	0.125427175487065	0.0694589090569358	0	0.0256692649905108	0	0.0965372636141539	0.0878807703629733	0	0.0530901780122761	0.0581405351252625	0.0151645144499216	0.0247710458224233	0	0.218334330646366	0	0	0.193	0.0844985269062286	1.04357714406537
GSM1607939	0	0	0.0195301758470356	0	0	0.0857023087486327	0	0.0675312334589951	0	0.0461609047210135	0	0.153141054780794	0.0224130115022186	0.0622760515869033	0.0240795114443735	0.0735021813795261	0.0150513289773141	0.0136748806342961	0	0.416937356918898	0	0	0.114	0.110882950848306	1.09708968929247
GSM1607940	0.00932582043826563	0	0	0.00151606538664934	0	0.030434844149185	0.105714818684705	0.215789727673316	0	0.152529411523513	0	0.182048145734427	0	0.0056373156304429	0.0765791452882633	0.0417588101347537	0.0396451486205692	0.0629534784645499	0	0.07606726827136	0	0	0.214	0.0768619316193846	1.09869202490402
GSM1607941	0.057014856769579	0	0.0600302416254037	0.154448044305736	0	0	0.0917426334232835	0.124025482150688	0.0314140942227118	0.00888548965081849	0	0.135992552550574	0.0166671450109247	0.0609765995218476	0.0619382230099495	0.0309629533327316	0.00126093528676149	0.0128097333926574	0	0.151831015746333	0	0	0.18	0.0896903353737744	1.06082017188217
GSM1607942	0	0	0.0301932354120836	0	0.0505069648867869	0.0370396646065843	0	0.0439496928800191	0	0.0585080731981271	0	0.0707800252478402	0	0.151475169406387	0.066173938532064	0.00693179159479608	0.00730745015679178	0.0545840964040762	0	0.416048883935194	0	0.00650101373924938	0.19	0.0868075532333211	1.11092556952465
GSM1607943	0	0.00152961655497939	0.0661623967065901	0	0.053625682476083	0.0366078540402344	0.0126400239685789	0.105555807633736	0.0155744337833155	0	0	0.0906736368625888	0.0616583392616132	0	0	0.177003272037135	0	0.0511749254012523	0	0.327794011273893	0	0	0.582	0.0136211701679137	1.09915934415346
GSM1607944	0.00799362365871722	0	0	0.0998287271700551	0	0.138251672097323	0.0048809562504648	0.138252610371139	0.0201207877840237	0.0981863924811609	0	0.145407469227054	0.020605709807462	0.048089077340208	0.0839975444877107	0	0.0451734410322397	0.0028020235445209	0	0.146409964747921	0	0	0.273	0.0610173644939907	1.10080616461342
GSM1607945	0	0	0.0248841591209909	0.0085724635181011	0.0153611785349495	0.0968214984170974	0.0756599175398219	0.0562906569520763	0	0.0332316478440063	0	0.0927172823097129	0.0553922135614731	0.0829244172806629	0.092815700077557	0.038334217157667	0.00840358503704357	0.0247837665047061	0	0.293807296144134	0	0	0.179	0.0903248329149421	1.07027176513833
GSM1607946	0.021140395390688	0	0.0565711787051164	0.0234666518256333	0	0.0542080237611219	0.0414562456307691	0.0937991922801101	0	0.0531368601580673	0	0.0830786818449302	0.0046313447174833	0.0760211068764265	0.0568176955409337	0	0.074263401587574	0	0	0.329210278731106	0	0.0321989429500403	0.707	-0.000898417986694271	1.11124071925459
GSM1607947	0.0169998305980507	0.0683972052461851	0.0571679140241307	0.0882690990167009	0.158337636116168	0	0.0198006152569541	0.0923720496724597	0.0575858971951876	0.137501433766325	0	0.115346382632049	0.00320975172886728	0.0270284662035191	0.0459086329803287	0.0491011637517002	0.00371065915450818	0.000401567967704768	0.0214135593844281	0.0374481353047329	0	0	0.014	0.233297620272857	1.00913884163068
GSM1607948	0	0	0.0915916032292068	0.0232059774130387	0	0.0474654250605765	0.0180553636868677	0.0898546073460818	0	0.0413291168425275	0	0.114348614429515	0	0.0897107900908106	0.0738181902168433	0.0446037950547629	0	0.00797304001968626	0	0.340170272740988	0	0.0178732038690945	0.017	0.218668621443206	1.01721107468419
GSM1607949	0.0166821640919526	0	0.0129254932867367	0.0359686425104153	0.0364996193795172	0	0	0.046058267191811	0.0251169327056774	0.125045120792651	0	0.118592213310494	0.0374432216128224	0.166428275751912	0.0643061078285179	0	0.0350157495511624	0.0118542252516623	0	0.268063966734668	0	0	0.416	0.0360100242695481	1.1063050649892
GSM1607950	0	0	0.219440865603384	0	0	0.0258383107472598	0.000912483122489843	0.105281962708032	0.00624842097585352	0.0562490630764177	0	0.135225037776224	0.021277209202645	0.0766219881241128	0.0480071772585245	0.0646239362761645	0.0230199804831666	0.00232616247807078	0	0.204344045198925	0	0.0105833569687306	0.397	0.0385432933069685	1.06508889912635
GSM1607951	0.0277188993686501	0	0.0372943361267177	0.0774781275839996	0	0	0.199623774253069	0.0685568032862705	0.0972562748817416	0.118481868784791	0	0.159641261908888	0.0177625613478794	0.0305468401916827	0.0597926880806802	0.0279814693362848	0.0452991645594798	0.0258560933278288	0	0.00670983696203641	0	0	0.202	0.081417304290229	1.08773271321997
GSM1607952	0.00248782147729071	0	0.00225859464237771	0.0378898798501294	0	0.0877157391409257	0.013416056207155	0.110560911512001	0.027720480046959	0.0888186340335924	0	0.156489362261764	0.0387156123899465	0.0272124156533168	0.0666009518422539	0.0208837658738378	0.0281807055375421	0.00666653963394204	0	0.284137219963539	0	0.000245309933426811	0.136	0.10409745839293	1.07988082915129
GSM1607953	0.0430491682820194	0	0	0.0123777550407812	0	0.0506995935617518	0.0566771160727914	0.144971085178412	0	0.0318906077114862	0	0.130922898370928	0	0.0255624027644897	0.0469425879026358	0	0.0639304153624891	0.0838598683609133	0	0.285548415621628	0	0.0235680857696741	0.301	0.0540214778536589	1.08687570990055
